0.10694919904637587 0.6064313184277959 0.6404123377405342 0.691297385751008 0.28532599276346843 0.6469864198812262 0.7240321925994294 1.0 0.9309920739315306 0.7546930508242538 0.5959925127782358 0.42784073361654273 0.6761490204112335 0.5948204593991498 0.5483523769265142 
0.10338282893426605 0.6631645654128292 0.6605556537131695 0.6167291228482736 0.20427501460521996 0.5289820441301545 0.602759916072159 1.0 0.9733432889038827 0.8296250779367889 0.42078460366467646 0.25648443442570024 0.5609105063593555 0.5921973880155943 0.5935519398390291 
0.09413842746920106 0.48847846787174437 0.5983501230799116 0.7216995495106843 0.32464548095868795 0.6263237549070768 0.7056054219143266 1.0 0.9851862932767317 0.887669123956651 0.5056942447030457 0.5441245816077865 0.7026980726708311 0.5530256136913966 0.43191987316528535 
0.09105019767140593 0.5224492499418661 0.6857885489768775 0.8486963501219597 0.35536113698842264 0.6573874167793428 0.6919599988854535 0.9942399966903631 1.0 0.9058658290499565 0.584014534160466 0.5866613660775091 0.802734383819377 0.6304707263796021 0.47151820161884606 
0.40448761914639875 0.5350460166658858 0.5989595844346511 0.680033415393783 0.2400859387860721 0.6706218124167544 0.9642245367111478 1.0 0.9668833675303262 0.8602350187961169 0.5780084794827193 0.37580608434187085 0.5042161923382631 0.30164816936075595 0.1738905023923217 
0.5820242372179001 0.607037589700521 0.033356806878851473 0.07555055443730929 0.07272431691482027 0.41920670099058943 0.9658056779896292 1.0 0.399328398292904 0.3990025857975615 0.20286592263280384 0.613478298711942 0.6308369648191352 0.6113162825157569 0.38411148779558385 
0.6507189357657633 0.051353719007049756 0.18351219285124712 0.22087461802811462 0.10168257162234359 0.4088245737382402 1.0 0.3650654996976743 0.23627757811280697 0.26474012521544216 0.3370437981575146 0.20510086584304138 0.7780207602641765 0.8046910512496347 0.6909091770006957 
0.5111299712576157 0.16307289804387332 0.32311363979315444 0.37683204678639187 0.05385813591939517 0.579493501705198 1.0 0.4422379318595153 0.28959568115739076 0.2518058462726925 0.44598992075595695 0.21830468509509746 0.7985293169340923 0.7544509364113111 0.6081514537518486 
0.5780489468162201 0.14218120524775943 0.14711175216284655 0.1808139626005653 0.09826613845133267 0.4262307504654969 1.0 0.3594363068705881 0.3056002009353042 0.3166979452205629 0.235181665096883 0.19527512790219623 0.7304981186031276 0.7193506563942215 0.6829898355347738 
0.586175322773188 0.6097420728865254 0.10515953423974163 0.1558721360466136 0.09453600703941901 0.4426222863786971 0.9735986688684533 1.0 0.34602531728469194 0.310726454785353 0.2576244644474343 0.7056560951399087 0.7139598083174151 0.6848978607260784 0.35450748782785574 
0.5658253787997436 0.8418677358563305 0.47505845641595806 0.5687509118785187 0.09847901302575701 0.7003215189726868 0.9871269404180172 1.0 0.3598307840449695 0.30255366183712723 0.7205242326640406 0.7522465488104948 0.7705427259846583 0.700718579189592 0.4107953036323886 
0.4493825232543343 0.5107819511175249 0.5198694413383654 0.4916612276663538 0.22567036715952807 0.49453639783739656 0.9328591966171065 1.0 0.9643507798374988 0.8464806812648913 0.2929186912671812 0.4260073556280417 0.60020053432974 0.44148811294403484 0.25049766828465814 
0.446207854039239 0.6208301756743303 0.7280660055380985 0.797922885280447 0.26752284527080533 0.6683593569770372 0.9568763365845598 1.0 0.9713569059267204 0.8437071476884213 0.618785884167016 0.44770317894219075 0.6056631684739529 0.4040103799650839 0.22365972034890153 
0.531878779291581 0.5876988366865233 0.5441535133713729 0.06508469138860687 0.5121579945121508 0.4209016898377213 0.9407832053552978 1.0 0.9443948185615055 0.4360284489543118 0.20601451895352652 0.5642946856158344 0.5397169152844868 0.37099082679492357 0.2880696434564624 
0.5199152620400369 0.5998892842713719 0.07835068936350933 0.5460042017427428 0.47052618362000065 0.4666621480523965 0.9482172586880023 1.0 0.5034905321818727 0.7962921325584769 0.31155905911936677 0.42228692713127275 0.6182665696360161 0.49558211674698294 0.2837457202525377 
0.522582709900815 0.07691434201696648 0.5095796248091141 0.6415234255883261 0.3737458067712865 0.5166718281607442 1.0 0.5666372660505961 0.9050394413119845 0.8481086518375676 0.38926715097493925 0.5840538463288744 0.7342961675718485 0.3689759495066181 0.4646003427920842 
0.12580011142839098 0.5004896320824974 0.6415350461247716 0.7750734571617102 0.3228037933183131 0.6434290741824144 0.7056004689387146 0.9971127646519719 1.0 0.9036423652951993 0.5553160110213385 0.5359997973264976 0.7353442227242547 0.5886571410925422 0.4501260731970277 
0.07933781666786373 0.4572532557453701 0.6545026988630389 0.7987710497986323 0.2982037912737712 0.7055068378051388 0.7457644307056046 0.9880578777427738 1.0 0.9133393632323723 0.611982111373038 0.5527914961414311 0.7607942225735156 0.6064607203497034 0.40881702569340234 
0.14289329854410734 0.2045714468872403 0.17647481607297727 0.14766847133116193 0.07574581362785981 0.8753444591422129 0.9935951940339586 1.0 0.9561092109114472 0.8826290342351362 0.6149504231641061 0.11897929672462722 0.1440043082150329 0.09968638714891173 0.1109891707219663 
0.08287523742316404 0.4843052392833589 0.6069505695761744 0.7359693700648132 0.3050027460011843 0.6647578217386365 0.7204808308339951 1.0 0.9684152969442383 0.8658010315141537 0.5472813793767886 0.5367604132486242 0.7032943753264983 0.5568688531016215 0.4291421570625333 
0.11878447616058659 0.19395632895992596 0.18672966708826064 0.18180965551607461 0.06725045381619356 0.8720957811260577 0.9731284666095179 1.0 0.9552741581350134 0.8997844953865414 0.606767307896815 0.11004071881165695 0.14912400610277388 0.11312264158764036 0.09684375254498576 
0.17749975076106972 0.43621242494359264 0.18552753924177448 0.2981838854910928 0.12244083947495961 0.5837052994592263 0.5658017629511042 1.0 0.4238192744934283 0.3588374455099676 0.38566665812428375 0.6621186978846925 0.3564799349888926 0.23807902096430292 0.5222752424567776 
0.5872025039413288 0.7425539004493527 0.8256587658615494 0.9446634451302941 0.2838465849381774 0.6887025208240062 1.0 0.9949535069365696 0.9615298111067019 0.8634645555226185 0.7168463552437784 0.43652386126512505 0.6369235424351991 0.38130421361229244 0.23283170300672282 
0.5543548857002504 0.5469144461434314 0.49171144175121484 0.42647566378242907 0.23409725160964615 0.47740823597391613 0.9426501215094278 1.0 0.9683572563389099 0.8707029034402939 0.128188562232151 0.46983729599734936 0.6296778886909951 0.4483337221706829 0.2213607414876213 
0.4707035499103124 0.649089832321596 0.5179613964723232 0.6192026391784627 0.11789187405233449 0.6991498176627866 0.9579912085657228 1.0 0.3857681007188348 0.3392933782472223 0.6381267264818646 0.7391032719491867 0.746291779718815 0.6330469742759064 0.22510004072508127 
0.6406934065963804 0.6142532349074374 0.5456567089745387 0.3988864034157064 0.26336556755664325 0.42449343796085304 0.9723270449949828 1.0 0.9608551503524496 0.8156897127502013 0.06263051327294496 0.42668751776523034 0.5767659291668507 0.3708086127816472 0.2092318973205245 
0.6219615029427461 0.615996294563824 0.1351723339676238 0.21591675854376524 0.09806533840049408 0.39856040164656487 0.9757105166850991 1.0 0.3122544210108693 0.24833604752988722 0.1409697142269584 0.8274629050575294 0.8238013735837807 0.7269294603571149 0.27310157334633023 
0.6317757365793277 0.11427246012560861 0.16233661577510924 0.1863806567434607 0.06528520222807671 0.4089370610565835 1.0 0.37591884820529786 0.26127455581424436 0.24848150723404352 0.14536928083999434 0.16880728916643975 0.8138919068418159 0.7716453970857016 0.6708603193671244 
0.6345508931502848 0.033933938092388385 0.14828428964914858 0.19824168980873216 0.07339397084005139 0.4007632965052933 1.0 0.39366706163097615 0.2555675222513705 0.23145202721818445 0.2529907018271246 0.2013707590915613 0.8005079523090516 0.7718406520326305 0.6555025411199679 
0.3111198875363808 0.295510851164635 0.41997932274632976 0.4618082844713469 0.0775261944110486 0.6996083820669087 1.0 0.4304636515033579 0.3199383794420606 0.32769300121773703 0.5142411149963101 0.20943553151790809 0.7470788173767405 0.7181566888247596 0.6032345952727917 
0.4816352325797453 0.1683563243953632 0.32092700170995403 0.3346441734383076 0.09050405354653217 0.552796612214423 1.0 0.40973664491353456 0.23941585322419 0.24006338566626015 0.3210764807111431 0.21828871031063002 0.7843928533568924 0.7889173407207364 0.6473972575662911 
0.5373852960133377 0.5348662030004085 0.2390721986595464 0.2751949491003714 0.07465268348514952 0.493359288537956 1.0 0.9945670244353768 0.2959351335677401 0.24890662572574263 0.23870349263077664 0.7933502610528069 0.8099773649613202 0.7677103797288393 0.27425254778503555 
0.545184317128547 0.5267968913913599 0.19899324380661806 0.25274318952862285 0.08585375460136856 0.4891581273420278 0.9811064652494577 1.0 0.32045123176428686 0.2640548807154873 0.17382419171683264 0.7790384560736532 0.784029535418518 0.711414367445323 0.2463093700812852 
0.6472286978396842 0.6777944974974583 0.01777450421343043 0.05843195593203782 0.07003767219741197 0.38047113365083757 0.9627897227069921 1.0 0.38729332568616803 0.3321886511592233 0.19858549333233258 0.7053173300009961 0.68547466132062 0.63299777590868 0.3005849219859508 
0.620557764603027 0.6392157153628005 0.5991580687629199 0.07013674074650095 0.5860390386486797 0.38384736982663725 0.9625087593206538 1.0 0.9667187558614299 0.4147884516159554 0.1639120991107575 0.6415719621903105 0.6377817831112412 0.418578160802319 0.3079957101310578 
0.4552296591317304 0.6245379365335445 0.7021854918107431 0.80760909773698 0.3096930942706553 0.7109674773786238 0.9889385040930194 1.0 0.9367619885445622 0.783170876086165 0.658438157008896 0.48469100789505914 0.6533836011104529 0.3956575980566634 0.2343616289718271 
0.18083443270881897 0.1767740214600482 0.1284004459956008 0.1281646323053052 0.0874839818267448 0.8963934352005596 1.0 0.9941748844545902 0.9529735752290581 0.8690285937041654 0.6854377054042444 0.1321162346515789 0.1533129324291421 0.0797035982944761 0.04400056651094077 
0.5886097980111419 0.050936681048969215 0.08682470615063642 0.13078101624920369 0.06038800695268666 0.4392640205005983 1.0 0.45210085594885496 0.3547329356005647 0.3297540895940534 0.24087046372150075 0.16487251240626793 0.6938958460560106 0.6597121024418556 0.5958575430460805 
0.4136776495825787 0.39600584570423963 0.42162072919440274 0.41185561233444334 0.09948913159019798 0.5920083375480426 1.0 0.3216839800957494 0.20187206621390308 0.22171831932226962 0.3255245897754776 0.21135763570877655 0.8124848780538245 0.8333461865134966 0.7981640703187268 
0.4089182016736769 0.2696999001303367 0.3578816677167056 0.41085166856109306 0.07640105220553592 0.6220936191953366 1.0 0.37450821147660435 0.30109265597648244 0.304717687228445 0.41130846734622156 0.17488854634034603 0.7595861127277094 0.7284133466933725 0.6613205289971731 
0.4981920455317103 0.6958057111749275 0.48864349358076997 0.5681315370775334 0.09506842942915195 0.660041836780075 0.9881010815948689 1.0 0.29602985496108364 0.2793699293158039 0.6668969502794553 0.7541919298952687 0.7879975798766012 0.7483202568427808 0.30575802639537975 
0.0793491803118528 0.12320814005335765 0.20537240743640858 0.3452535664453942 0.14626252873112489 0.9515793356084867 0.9582879631673232 0.9441464545457976 0.9634614087134267 1.0 0.6824339613429183 0.2640061054250774 0.28322692180571396 0.15753887476232967 0.1278402195937595 
0.0793491803118528 0.12320814005335765 0.20537240743640858 0.3452535664453942 0.14626252873112489 0.9515793356084867 0.9582879631673232 0.9441464545457976 0.9634614087134267 1.0 0.6824339613429183 0.2640061054250774 0.28322692180571396 0.15753887476232967 0.1278402195937595 
0.1639566488399714 0.23960778381308223 0.3853473821162039 0.5472751429731301 0.1664802855585845 1.0 0.9546776479626202 0.8892403004396325 0.802022553038793 0.7301418345755994 0.926248020617832 0.3156210328233492 0.40418296743185556 0.2428963189182064 0.0958962697674407 
0.1639566488399714 0.23960778381308223 0.3853473821162039 0.5472751429731301 0.1664802855585845 1.0 0.9546776479626202 0.8892403004396325 0.802022553038793 0.7301418345755994 0.926248020617832 0.3156210328233492 0.40418296743185556 0.2428963189182064 0.0958962697674407 
0.08181731375881456 0.14628369870006824 0.32574545340049255 0.4513723755826503 0.12661595811080822 0.9726796378564289 1.0 0.8820544894864114 0.7442576502801316 0.6645433279922577 0.8535327512294266 0.30990133540178655 0.4385417918709419 0.3145051184958056 0.1333435516215296 
0.08181731375881456 0.14628369870006824 0.32574545340049255 0.4513723755826503 0.12661595811080822 0.9726796378564289 1.0 0.8820544894864114 0.7442576502801316 0.6645433279922577 0.8535327512294266 0.30990133540178655 0.4385417918709419 0.3145051184958056 0.1333435516215296 
0.3449636350483515 0.4619715450410319 0.5285594315860572 0.5058702880792745 0.11355803562913856 0.7141335200232323 1.0 0.3468230389040805 0.2140012689693674 0.25487629898757996 0.4965786008029667 0.22124853297889469 0.7694407667302225 0.825071408020209 0.778664105935546 
0.3449636350483515 0.4619715450410319 0.5285594315860572 0.5058702880792745 0.11355803562913856 0.7141335200232323 1.0 0.3468230389040805 0.2140012689693674 0.25487629898757996 0.4965786008029667 0.22124853297889469 0.7694407667302225 0.825071408020209 0.778664105935546 
0.5456831333533688 0.7843559642017149 0.5557005719441371 0.6273745585832858 0.08392093016681 0.7116600251119066 0.9629483886439325 1.0 0.30696971570152426 0.2878520864263377 0.6655099129380054 0.7548730981968833 0.7604583295691266 0.7302009845588168 0.31154584724511664 
0.5456831333533688 0.7843559642017149 0.5557005719441371 0.6273745585832858 0.08392093016681 0.7116600251119066 0.9629483886439325 1.0 0.30696971570152426 0.2878520864263377 0.6655099129380054 0.7548730981968833 0.7604583295691266 0.7302009845588168 0.31154584724511664 
0.5445409007943188 0.5252191728336066 0.4910841573225174 0.39553878361738787 0.20364778995296634 0.48282859129109357 0.9667850675481965 1.0 0.9688556954470722 0.8445430788587358 0.11843973649585361 0.3463192668195672 0.553686725076503 0.4126562258629772 0.26897899603644293 
0.5445409007943188 0.5252191728336066 0.4910841573225174 0.39553878361738787 0.20364778995296634 0.48282859129109357 0.9667850675481965 1.0 0.9688556954470722 0.8445430788587358 0.11843973649585361 0.3463192668195672 0.553686725076503 0.4126562258629772 0.26897899603644293 
0.4815059250498922 0.4694672201699575 0.21414591997313648 0.25535470928962195 0.08057423542954648 0.5408247114008489 0.9739168777335557 1.0 0.3592358131674818 0.30597504571226947 0.231397012638391 0.7230737596997814 0.7200238775041083 0.6573330471370714 0.2793253510471279 
0.4815059250498922 0.4694672201699575 0.21414591997313648 0.25535470928962195 0.08057423542954648 0.5408247114008489 0.9739168777335557 1.0 0.3592358131674818 0.30597504571226947 0.231397012638391 0.7230737596997814 0.7200238775041083 0.6573330471370714 0.2793253510471279 
0.0853239956156298 0.557748628846214 0.6047545383087465 0.5822852945639091 0.19252159881280081 0.587809548495646 0.6386777900983519 1.0 0.963558929219231 0.8254961088823791 0.4556402361444524 0.33451033106750155 0.5183914711428514 0.5301448883052432 0.4839150017866382 
0.0853239956156298 0.557748628846214 0.6047545383087465 0.5822852945639091 0.19252159881280081 0.587809548495646 0.6386777900983519 1.0 0.963558929219231 0.8254961088823791 0.4556402361444524 0.33451033106750155 0.5183914711428514 0.5301448883052432 0.4839150017866382 
0.42521737660059744 0.446651889459316 0.43313675593449347 0.06580534426902095 0.4002872676376734 0.5702127729245624 0.9596443532307708 1.0 0.9845043462153586 0.5995932030550617 0.24478534896625287 0.4287887127440116 0.4387551256939225 0.34137666466257094 0.2654798951604223 
0.42521737660059744 0.446651889459316 0.43313675593449347 0.06580534426902095 0.4002872676376734 0.5702127729245624 0.9596443532307708 1.0 0.9845043462153586 0.5995932030550617 0.24478534896625287 0.4287887127440116 0.4387551256939225 0.34137666466257094 0.2654798951604223 
0.48898441765681416 0.10639916517312677 0.5480172696908742 0.5637003674986859 0.2432573823205383 0.5806196102692929 1.0 0.6190141030368369 0.9919050226261295 0.8855146861884013 0.3826720629714526 0.47727591704305283 0.4979325754147159 0.2849186728644135 0.4065452357692417 
0.48898441765681416 0.10639916517312677 0.5480172696908742 0.5637003674986859 0.2432573823205383 0.5806196102692929 1.0 0.6190141030368369 0.9919050226261295 0.8855146861884013 0.3826720629714526 0.47727591704305283 0.4979325754147159 0.2849186728644135 0.4065452357692417 
0.42463758006813135 0.4765239315543485 0.10590348609916869 0.47761597331599465 0.4000347305129917 0.5460866024244566 0.9515928244546193 1.0 0.6372459847925768 0.8666027662984034 0.3015746068680927 0.371680793884485 0.4897927742135116 0.3625152183313507 0.16655990386634306 
0.42463758006813135 0.4765239315543485 0.10590348609916869 0.47761597331599465 0.4000347305129917 0.5460866024244566 0.9515928244546193 1.0 0.6372459847925768 0.8666027662984034 0.3015746068680927 0.371680793884485 0.4897927742135116 0.3625152183313507 0.16655990386634306 
0.4342893573058625 0.475252684833871 0.1101863956635831 0.1425379014735643 0.05143770831040556 0.5440642451282268 0.9486609075604063 1.0 0.44465980652803233 0.4066736989589642 0.25936722734203765 0.61446300601555 0.5708440054187348 0.5276025962445557 0.2380767821730279 
0.4342893573058625 0.475252684833871 0.1101863956635831 0.1425379014735643 0.05143770831040556 0.5440642451282268 0.9486609075604063 1.0 0.44465980652803233 0.4066736989589642 0.25936722734203765 0.61446300601555 0.5708440054187348 0.5276025962445557 0.2380767821730279 
0.161229670373973 0.2153521019126018 0.25025891848359044 0.2891340610276214 0.06914660924168231 0.9070382007820343 0.9903501372563489 0.987007849197946 1.0 0.9671924503147699 0.6896938568864373 0.10996289934513598 0.1805655188407065 0.13882319230807832 0.13585273329665448 
0.161229670373973 0.2153521019126018 0.25025891848359044 0.2891340610276214 0.06914660924168231 0.9070382007820343 0.9903501372563489 0.987007849197946 1.0 0.9671924503147699 0.6896938568864373 0.10996289934513598 0.1805655188407065 0.13882319230807832 0.13585273329665448 
0.5064577299112846 0.45030002976600836 0.16927576002830494 0.266528564445075 0.1159525905042502 0.543539500118885 1.0 0.978667042003805 0.39135335243656144 0.3606377966552854 0.30810093199455235 0.6556021995062282 0.7727395810302783 0.668914694797691 0.39624545926032473 
0.5064577299112846 0.45030002976600836 0.16927576002830494 0.266528564445075 0.1159525905042502 0.543539500118885 1.0 0.978667042003805 0.39135335243656144 0.3606377966552854 0.30810093199455235 0.6556021995062282 0.7727395810302783 0.668914694797691 0.39624545926032473 
0.7570636026149349 0.7316731878780833 0.06413473374480282 0.12420607274272986 0.09588867663754841 0.3639407683912344 0.9770215296504444 1.0 0.34136437737222075 0.27839144048354775 0.20608643565151608 0.8533474484794996 0.8615373990036909 0.7720692677412879 0.39338674597477474 
0.7570636026149349 0.7316731878780833 0.06413473374480282 0.12420607274272986 0.09588867663754841 0.3639407683912344 0.9770215296504444 1.0 0.34136437737222075 0.27839144048354775 0.20608643565151608 0.8533474484794996 0.8615373990036909 0.7720692677412879 0.39338674597477474 
0.7570636026149349 0.7316731878780833 0.06413473374480282 0.12420607274272986 0.09588867663754841 0.3639407683912344 0.9770215296504444 1.0 0.34136437737222075 0.27839144048354775 0.20608643565151608 0.8533474484794996 0.8615373990036909 0.7720692677412879 0.39338674597477474 
0.6412251781784298 0.09535385031395562 0.2266931736628478 0.2682595357551062 0.06169652521758162 0.40419007551522085 1.0 0.3671485282611023 0.23670326997170477 0.21523193815717293 0.27267535371273216 0.19863715372683635 0.9017423279800723 0.8668561721273038 0.7280654247720894 
0.6412251781784298 0.09535385031395562 0.2266931736628478 0.2682595357551062 0.06169652521758162 0.40419007551522085 1.0 0.3671485282611023 0.23670326997170477 0.21523193815717293 0.27267535371273216 0.19863715372683635 0.9017423279800723 0.8668561721273038 0.7280654247720894 
0.6412251781784298 0.09535385031395562 0.2266931736628478 0.2682595357551062 0.06169652521758162 0.40419007551522085 1.0 0.3671485282611023 0.23670326997170477 0.21523193815717293 0.27267535371273216 0.19863715372683635 0.9017423279800723 0.8668561721273038 0.7280654247720894 
0.45420581363075124 0.6613307448357498 0.7052590962240656 0.7890546526633457 0.25508174800257116 0.7026846613600547 0.9472780819471095 1.0 0.9304237095449236 0.8015209480974043 0.6734374408412462 0.40491805363460154 0.5634722514386225 0.35688243423528576 0.24551100035328058 
0.45420581363075124 0.6613307448357498 0.7052590962240656 0.7890546526633457 0.25508174800257116 0.7026846613600547 0.9472780819471095 1.0 0.9304237095449236 0.8015209480974043 0.6734374408412462 0.40491805363460154 0.5634722514386225 0.35688243423528576 0.24551100035328058 
0.45420581363075124 0.6613307448357498 0.7052590962240656 0.7890546526633457 0.25508174800257116 0.7026846613600547 0.9472780819471095 1.0 0.9304237095449236 0.8015209480974043 0.6734374408412462 0.40491805363460154 0.5634722514386225 0.35688243423528576 0.24551100035328058 
0.47619205830876477 0.6356247110211084 0.6664483913129803 0.6978952540105849 0.20843697137508813 0.638156335040991 0.9441873604260292 1.0 0.9310286081757181 0.8051049676740403 0.5804570025167723 0.3534541717826019 0.4691065134507219 0.3066766601668541 0.19529775387280568 
0.47619205830876477 0.6356247110211084 0.6664483913129803 0.6978952540105849 0.20843697137508813 0.638156335040991 0.9441873604260292 1.0 0.9310286081757181 0.8051049676740403 0.5804570025167723 0.3534541717826019 0.4691065134507219 0.3066766601668541 0.19529775387280568 
0.47619205830876477 0.6356247110211084 0.6664483913129803 0.6978952540105849 0.20843697137508813 0.638156335040991 0.9441873604260292 1.0 0.9310286081757181 0.8051049676740403 0.5804570025167723 0.3534541717826019 0.4691065134507219 0.3066766601668541 0.19529775387280568 
0.17519679601073646 0.18788647525544624 0.19271705031560038 0.2589422904155331 0.10625267926127839 0.8800541609109727 1.0 0.9933473351181967 0.9365197667932688 0.8720006492208218 0.6466581649868558 0.18195707601600386 0.209460661635978 0.10742754134552268 0.03283315184571457 
0.17519679601073646 0.18788647525544624 0.19271705031560038 0.2589422904155331 0.10625267926127839 0.8800541609109727 1.0 0.9933473351181967 0.9365197667932688 0.8720006492208218 0.6466581649868558 0.18195707601600386 0.209460661635978 0.10742754134552268 0.03283315184571457 
0.17519679601073646 0.18788647525544624 0.19271705031560038 0.2589422904155331 0.10625267926127839 0.8800541609109727 1.0 0.9933473351181967 0.9365197667932688 0.8720006492208218 0.6466581649868558 0.18195707601600386 0.209460661635978 0.10742754134552268 0.03283315184571457 
0.3669977806649058 0.504657424242238 0.24876758242793148 0.2662341054914413 0.03618619603366983 0.5727072259545003 0.9314488895435781 1.0 0.3614782618980678 0.3414320025297022 0.40101388747366334 0.6948017997847107 0.6290413964651418 0.6129517709152719 0.3318343061626791 
0.3669977806649058 0.504657424242238 0.24876758242793148 0.2662341054914413 0.03618619603366983 0.5727072259545003 0.9314488895435781 1.0 0.3614782618980678 0.3414320025297022 0.40101388747366334 0.6948017997847107 0.6290413964651418 0.6129517709152719 0.3318343061626791 
0.3669977806649058 0.504657424242238 0.24876758242793148 0.2662341054914413 0.03618619603366983 0.5727072259545003 0.9314488895435781 1.0 0.3614782618980678 0.3414320025297022 0.40101388747366334 0.6948017997847107 0.6290413964651418 0.6129517709152719 0.3318343061626791 
0.3863804431006807 0.40358443464867844 0.2880529759652072 0.30779806842678914 0.028506898706467235 0.6074542709976061 0.9444496567308377 1.0 0.34464378280862196 0.31789756535216895 0.3450306872128348 0.7067078613613496 0.6579715855538647 0.6352273392134044 0.3341641454904054 
0.3863804431006807 0.40358443464867844 0.2880529759652072 0.30779806842678914 0.028506898706467235 0.6074542709976061 0.9444496567308377 1.0 0.34464378280862196 0.31789756535216895 0.3450306872128348 0.7067078613613496 0.6579715855538647 0.6352273392134044 0.3341641454904054 
0.3863804431006807 0.40358443464867844 0.2880529759652072 0.30779806842678914 0.028506898706467235 0.6074542709976061 0.9444496567308377 1.0 0.34464378280862196 0.31789756535216895 0.3450306872128348 0.7067078613613496 0.6579715855538647 0.6352273392134044 0.3341641454904054 
0.5217623220415967 0.8160857731176614 0.5399574660664762 0.6171700247620368 0.0826143491380242 0.665757014933054 0.9354411453623691 1.0 0.3141154369692469 0.2802175569308294 0.7063508466468351 0.7815011144244547 0.7695336272606242 0.6987041768245242 0.37338379512336795 
0.5217623220415967 0.8160857731176614 0.5399574660664762 0.6171700247620368 0.0826143491380242 0.665757014933054 0.9354411453623691 1.0 0.3141154369692469 0.2802175569308294 0.7063508466468351 0.7815011144244547 0.7695336272606242 0.6987041768245242 0.37338379512336795 
0.5217623220415967 0.8160857731176614 0.5399574660664762 0.6171700247620368 0.0826143491380242 0.665757014933054 0.9354411453623691 1.0 0.3141154369692469 0.2802175569308294 0.7063508466468351 0.7815011144244547 0.7695336272606242 0.6987041768245242 0.37338379512336795 
0.5412993293084136 0.6085803275719249 0.11373188474704407 0.23511539698217124 0.14342332486003156 0.44601085775501703 0.9475084356763277 1.0 0.39472068245819086 0.3054307298636895 0.2619668903488558 0.8234413653187062 0.7726438310919638 0.6461392909502972 0.35239760544646825 
0.5412993293084136 0.6085803275719249 0.11373188474704407 0.23511539698217124 0.14342332486003156 0.44601085775501703 0.9475084356763277 1.0 0.39472068245819086 0.3054307298636895 0.2619668903488558 0.8234413653187062 0.7726438310919638 0.6461392909502972 0.35239760544646825 
0.5412993293084136 0.6085803275719249 0.11373188474704407 0.23511539698217124 0.14342332486003156 0.44601085775501703 0.9475084356763277 1.0 0.39472068245819086 0.3054307298636895 0.2619668903488558 0.8234413653187062 0.7726438310919638 0.6461392909502972 0.35239760544646825 
0.3583350129866942 0.45523776471112515 0.24957555651264043 0.33210534346602727 0.10201212292147425 0.5474143383281315 0.8740195329284159 1.0 0.3383104519781402 0.2480769548558713 0.23845451525467648 0.7853312655165657 0.6701711848768185 0.5746234733162023 0.22471691418712803 
0.3583350129866942 0.45523776471112515 0.24957555651264043 0.33210534346602727 0.10201212292147425 0.5474143383281315 0.8740195329284159 1.0 0.3383104519781402 0.2480769548558713 0.23845451525467648 0.7853312655165657 0.6701711848768185 0.5746234733162023 0.22471691418712803 
0.3583350129866942 0.45523776471112515 0.24957555651264043 0.33210534346602727 0.10201212292147425 0.5474143383281315 0.8740195329284159 1.0 0.3383104519781402 0.2480769548558713 0.23845451525467648 0.7853312655165657 0.6701711848768185 0.5746234733162023 0.22471691418712803 
0.5246193732416623 0.4856553385738316 0.2858757168472157 0.3667614943378753 0.09744540212304131 0.5185372588210627 0.9910898677336003 1.0 0.2836190184202156 0.21571625728746482 0.20283287705688738 0.8493840003443865 0.8596423786444788 0.7646300784643166 0.28351663503979496 
0.5246193732416623 0.4856553385738316 0.2858757168472157 0.3667614943378753 0.09744540212304131 0.5185372588210627 0.9910898677336003 1.0 0.2836190184202156 0.21571625728746482 0.20283287705688738 0.8493840003443865 0.8596423786444788 0.7646300784643166 0.28351663503979496 
0.5246193732416623 0.4856553385738316 0.2858757168472157 0.3667614943378753 0.09744540212304131 0.5185372588210627 0.9910898677336003 1.0 0.2836190184202156 0.21571625728746482 0.20283287705688738 0.8493840003443865 0.8596423786444788 0.7646300784643166 0.28351663503979496 
0.4686909345410064 0.5530358109257809 0.08181771548884398 0.16338707254972654 0.08735154289242812 0.4751403235506458 0.9257587552724228 1.0 0.42938437216584374 0.3608769877117411 0.24232455241098297 0.7016510081229257 0.6275416823014904 0.5408908607035879 0.20972932422493235 
0.4686909345410064 0.5530358109257809 0.08181771548884398 0.16338707254972654 0.08735154289242812 0.4751403235506458 0.9257587552724228 1.0 0.42938437216584374 0.3608769877117411 0.24232455241098297 0.7016510081229257 0.6275416823014904 0.5408908607035879 0.20972932422493235 
0.4686909345410064 0.5530358109257809 0.08181771548884398 0.16338707254972654 0.08735154289242812 0.4751403235506458 0.9257587552724228 1.0 0.42938437216584374 0.3608769877117411 0.24232455241098297 0.7016510081229257 0.6275416823014904 0.5408908607035879 0.20972932422493235 
0.6546454698796846 0.06475629434779902 0.0806121956891927 0.1357693781474816 0.08119284325846789 0.37936984781403754 1.0 0.40913781107801755 0.30307850401227165 0.28820056993550064 0.18003704447611782 0.19560231339745368 0.7601767800614723 0.7150727301940691 0.6291410993500046 
0.6546454698796846 0.06475629434779902 0.0806121956891927 0.1357693781474816 0.08119284325846789 0.37936984781403754 1.0 0.40913781107801755 0.30307850401227165 0.28820056993550064 0.18003704447611782 0.19560231339745368 0.7601767800614723 0.7150727301940691 0.6291410993500046 
0.6546454698796846 0.06475629434779902 0.0806121956891927 0.1357693781474816 0.08119284325846789 0.37936984781403754 1.0 0.40913781107801755 0.30307850401227165 0.28820056993550064 0.18003704447611782 0.19560231339745368 0.7601767800614723 0.7150727301940691 0.6291410993500046 
0.4152812511094331 0.2914888763177337 0.34712786723250083 0.39794767399477937 0.08401272206910083 0.6012180183989128 1.0 0.35040946233746895 0.2662575047352968 0.25383356375112137 0.34596735403650286 0.17177339127249153 0.80660739667892 0.7585042469906842 0.7045534215470629 
0.4152812511094331 0.2914888763177337 0.34712786723250083 0.39794767399477937 0.08401272206910083 0.6012180183989128 1.0 0.35040946233746895 0.2662575047352968 0.25383356375112137 0.34596735403650286 0.17177339127249153 0.80660739667892 0.7585042469906842 0.7045534215470629 
0.4152812511094331 0.2914888763177337 0.34712786723250083 0.39794767399477937 0.08401272206910083 0.6012180183989128 1.0 0.35040946233746895 0.2662575047352968 0.25383356375112137 0.34596735403650286 0.17177339127249153 0.80660739667892 0.7585042469906842 0.7045534215470629 
0.6777606756612699 0.6495347186206883 0.04518735105261633 0.10324261166484401 0.10743061902685384 0.39372082938348146 1.0 0.9951376236386913 0.3934966725173079 0.3513675059723013 0.2064139952106138 0.718117228752565 0.7684119102941837 0.6662947360500519 0.24992541342854485 
0.6777606756612699 0.6495347186206883 0.04518735105261633 0.10324261166484401 0.10743061902685384 0.39372082938348146 1.0 0.9951376236386913 0.3934966725173079 0.3513675059723013 0.2064139952106138 0.718117228752565 0.7684119102941837 0.6662947360500519 0.24992541342854485 
0.6777606756612699 0.6495347186206883 0.04518735105261633 0.10324261166484401 0.10743061902685384 0.39372082938348146 1.0 0.9951376236386913 0.3934966725173079 0.3513675059723013 0.2064139952106138 0.718117228752565 0.7684119102941837 0.6662947360500519 0.24992541342854485 
0.4338185147053575 0.30817578223106123 0.40653438852181334 0.39797296923675607 0.09560151756053827 0.5704952142444033 1.0 0.3432576822812925 0.1936941615817966 0.24131593845904845 0.3400521830201661 0.22223505020277068 0.8262077648359824 0.8402488813071413 0.7259378201656383 
0.4338185147053575 0.30817578223106123 0.40653438852181334 0.39797296923675607 0.09560151756053827 0.5704952142444033 1.0 0.3432576822812925 0.1936941615817966 0.24131593845904845 0.3400521830201661 0.22223505020277068 0.8262077648359824 0.8402488813071413 0.7259378201656383 
0.4338185147053575 0.30817578223106123 0.40653438852181334 0.39797296923675607 0.09560151756053827 0.5704952142444033 1.0 0.3432576822812925 0.1936941615817966 0.24131593845904845 0.3400521830201661 0.22223505020277068 0.8262077648359824 0.8402488813071413 0.7259378201656383 
0.39877580202994584 0.2781965736392685 0.37373073673169466 0.3902416692937269 0.09776107903992848 0.6134518375584017 1.0 0.3769898790701937 0.2462725991616275 0.2619884852901427 0.36197921581203557 0.20605226011671246 0.7671427662138826 0.7669439629307447 0.6759640249353324 
0.39877580202994584 0.2781965736392685 0.37373073673169466 0.3902416692937269 0.09776107903992848 0.6134518375584017 1.0 0.3769898790701937 0.2462725991616275 0.2619884852901427 0.36197921581203557 0.20605226011671246 0.7671427662138826 0.7669439629307447 0.6759640249353324 
0.39877580202994584 0.2781965736392685 0.37373073673169466 0.3902416692937269 0.09776107903992848 0.6134518375584017 1.0 0.3769898790701937 0.2462725991616275 0.2619884852901427 0.36197921581203557 0.20605226011671246 0.7671427662138826 0.7669439629307447 0.6759640249353324 
0.602973831597129 0.7268877257704099 0.8428084324468121 0.9630717354867848 0.1467952036629913 1.0 0.7263472789719675 0.6489883450560144 0.5708175474546634 0.5138611236879764 0.927650248986427 0.28037162378293634 0.4169771510388802 0.28005868614886337 0.14190901567749573 
0.602973831597129 0.7268877257704099 0.8428084324468121 0.9630717354867848 0.1467952036629913 1.0 0.7263472789719675 0.6489883450560144 0.5708175474546634 0.5138611236879764 0.927650248986427 0.28037162378293634 0.4169771510388802 0.28005868614886337 0.14190901567749573 
0.602973831597129 0.7268877257704099 0.8428084324468121 0.9630717354867848 0.1467952036629913 1.0 0.7263472789719675 0.6489883450560144 0.5708175474546634 0.5138611236879764 0.927650248986427 0.28037162378293634 0.4169771510388802 0.28005868614886337 0.14190901567749573 
0.6679938730753802 0.6120869279050087 0.5277325909331724 0.36729484432533754 0.2712031319922694 0.4175728902040298 1.0 0.9844530153025436 0.9288273272570164 0.7748725172611801 0.08280283167717904 0.423065809203375 0.5621268612791471 0.3246322525976823 0.17471964139139298 
0.6679938730753802 0.6120869279050087 0.5277325909331724 0.36729484432533754 0.2712031319922694 0.4175728902040298 1.0 0.9844530153025436 0.9288273272570164 0.7748725172611801 0.08280283167717904 0.423065809203375 0.5621268612791471 0.3246322525976823 0.17471964139139298 
0.6679938730753802 0.6120869279050087 0.5277325909331724 0.36729484432533754 0.2712031319922694 0.4175728902040298 1.0 0.9844530153025436 0.9288273272570164 0.7748725172611801 0.08280283167717904 0.423065809203375 0.5621268612791471 0.3246322525976823 0.17471964139139298 
0.5194533165484778 0.5710303751747349 0.5632711393047805 0.1498078380857869 0.5221922408390587 0.4649817684545847 0.96524910891822 1.0 0.9848963537015336 0.5133080057749683 0.25386095192034575 0.5696988810054483 0.5535101747201234 0.3054530997351116 0.19000699879158123 
0.5194533165484778 0.5710303751747349 0.5632711393047805 0.1498078380857869 0.5221922408390587 0.4649817684545847 0.96524910891822 1.0 0.9848963537015336 0.5133080057749683 0.25386095192034575 0.5696988810054483 0.5535101747201234 0.3054530997351116 0.19000699879158123 
0.5194533165484778 0.5710303751747349 0.5632711393047805 0.1498078380857869 0.5221922408390587 0.4649817684545847 0.96524910891822 1.0 0.9848963537015336 0.5133080057749683 0.25386095192034575 0.5696988810054483 0.5535101747201234 0.3054530997351116 0.19000699879158123 
0.4606556942401208 0.4963476979945073 0.08738546485571995 0.4412568301688667 0.4213450331944341 0.5228595169461324 0.953240921362371 1.0 0.5054280568043167 0.8348351325061734 0.21767178442592813 0.3779156060861173 0.5159542667868297 0.4625308721755901 0.19790426533823025 
0.4606556942401208 0.4963476979945073 0.08738546485571995 0.4412568301688667 0.4213450331944341 0.5228595169461324 0.953240921362371 1.0 0.5054280568043167 0.8348351325061734 0.21767178442592813 0.3779156060861173 0.5159542667868297 0.4625308721755901 0.19790426533823025 
0.4606556942401208 0.4963476979945073 0.08738546485571995 0.4412568301688667 0.4213450331944341 0.5228595169461324 0.953240921362371 1.0 0.5054280568043167 0.8348351325061734 0.21767178442592813 0.3779156060861173 0.5159542667868297 0.4625308721755901 0.19790426533823025 
0.4435180809207524 0.0703023420597501 0.4691528829269702 0.5137010849338823 0.30956155371564636 0.5894840920616797 1.0 0.6177748252088485 0.9678768245582517 0.8279080193403763 0.3442159905910562 0.4462375500210889 0.5700814629736385 0.2965854596695798 0.4177764245581135 
0.4435180809207524 0.0703023420597501 0.4691528829269702 0.5137010849338823 0.30956155371564636 0.5894840920616797 1.0 0.6177748252088485 0.9678768245582517 0.8279080193403763 0.3442159905910562 0.4462375500210889 0.5700814629736385 0.2965854596695798 0.4177764245581135 
0.4435180809207524 0.0703023420597501 0.4691528829269702 0.5137010849338823 0.30956155371564636 0.5894840920616797 1.0 0.6177748252088485 0.9678768245582517 0.8279080193403763 0.3442159905910562 0.4462375500210889 0.5700814629736385 0.2965854596695798 0.4177764245581135 
0.09519539775312227 0.5356928476748243 0.5848832653882222 0.6529008451301584 0.30884038304516515 0.5950753259915544 0.6580114504815378 1.0 0.9621137406514165 0.8215795119225813 0.4578953690432012 0.46836120956827315 0.6106834726384702 0.5242195331416591 0.4753874838920782 
0.09519539775312227 0.5356928476748243 0.5848832653882222 0.6529008451301584 0.30884038304516515 0.5950753259915544 0.6580114504815378 1.0 0.9621137406514165 0.8215795119225813 0.4578953690432012 0.46836120956827315 0.6106834726384702 0.5242195331416591 0.4753874838920782 
0.09519539775312227 0.5356928476748243 0.5848832653882222 0.6529008451301584 0.30884038304516515 0.5950753259915544 0.6580114504815378 1.0 0.9621137406514165 0.8215795119225813 0.4578953690432012 0.46836120956827315 0.6106834726384702 0.5242195331416591 0.4753874838920782 
0.4232948347165267 0.5958699193799968 0.6458770931011697 0.6979192631854689 0.21847753615175433 0.6272522089925953 0.9242836839980308 1.0 0.9620588577886454 0.8539859839379075 0.5632786957448024 0.3484300962598212 0.4781994730062137 0.31135516313804223 0.20372547147901554 
0.4232948347165267 0.5958699193799968 0.6458770931011697 0.6979192631854689 0.21847753615175433 0.6272522089925953 0.9242836839980308 1.0 0.9620588577886454 0.8539859839379075 0.5632786957448024 0.3484300962598212 0.4781994730062137 0.31135516313804223 0.20372547147901554 
0.4232948347165267 0.5958699193799968 0.6458770931011697 0.6979192631854689 0.21847753615175433 0.6272522089925953 0.9242836839980308 1.0 0.9620588577886454 0.8539859839379075 0.5632786957448024 0.3484300962598212 0.4781994730062137 0.31135516313804223 0.20372547147901554 
0.4545067950559096 0.6094757992302713 0.6643029762907738 0.6894860607257247 0.1952264897822425 0.5690163009661628 0.9111590001384229 1.0 0.9704548543107558 0.871305402747243 0.5315449652683193 0.335187706959715 0.4367325520036999 0.2962835287963805 0.17725424753548913 
0.4545067950559096 0.6094757992302713 0.6643029762907738 0.6894860607257247 0.1952264897822425 0.5690163009661628 0.9111590001384229 1.0 0.9704548543107558 0.871305402747243 0.5315449652683193 0.335187706959715 0.4367325520036999 0.2962835287963805 0.17725424753548913 
0.4545067950559096 0.6094757992302713 0.6643029762907738 0.6894860607257247 0.1952264897822425 0.5690163009661628 0.9111590001384229 1.0 0.9704548543107558 0.871305402747243 0.5315449652683193 0.335187706959715 0.4367325520036999 0.2962835287963805 0.17725424753548913 
0.4214032477416561 0.3302378414491146 0.40205004025973157 0.38957145460911335 0.11255211336969576 0.5895709599973934 1.0 0.3494575212832336 0.21293757334653252 0.24180238317591168 0.3877099966756586 0.2166449063736321 0.7997647178189677 0.8225868192135751 0.7451697640720254 
0.4214032477416561 0.3302378414491146 0.40205004025973157 0.38957145460911335 0.11255211336969576 0.5895709599973934 1.0 0.3494575212832336 0.21293757334653252 0.24180238317591168 0.3877099966756586 0.2166449063736321 0.7997647178189677 0.8225868192135751 0.7451697640720254 
0.4214032477416561 0.3302378414491146 0.40205004025973157 0.38957145460911335 0.11255211336969576 0.5895709599973934 1.0 0.3494575212832336 0.21293757334653252 0.24180238317591168 0.3877099966756586 0.2166449063736321 0.7997647178189677 0.8225868192135751 0.7451697640720254 
0.5143750675561503 0.23917238180733064 0.31502506366523375 0.2902843094972327 0.13151088607642827 0.5184277450352884 1.0 0.34738483229819944 0.22560546057599665 0.27151316838266437 0.32264040492507073 0.21123304380053273 0.7822444363183932 0.8215885228080684 0.7412661053536488 
0.5143750675561503 0.23917238180733064 0.31502506366523375 0.2902843094972327 0.13151088607642827 0.5184277450352884 1.0 0.34738483229819944 0.22560546057599665 0.27151316838266437 0.32264040492507073 0.21123304380053273 0.7822444363183932 0.8215885228080684 0.7412661053536488 
0.5143750675561503 0.23917238180733064 0.31502506366523375 0.2902843094972327 0.13151088607642827 0.5184277450352884 1.0 0.34738483229819944 0.22560546057599665 0.27151316838266437 0.32264040492507073 0.21123304380053273 0.7822444363183932 0.8215885228080684 0.7412661053536488 
0.800490348019758 0.8625952128297373 0.933449550145979 1.0 0.07473266588194413 0.8116258318321455 0.9314076055393191 0.6272562090411405 0.5768056187654677 0.6324670002609547 0.6663371686397754 0.1585319244638137 0.5253769020841041 0.5096088379990449 0.39314869376448186 
0.800490348019758 0.8625952128297373 0.933449550145979 1.0 0.07473266588194413 0.8116258318321455 0.9314076055393191 0.6272562090411405 0.5768056187654677 0.6324670002609547 0.6663371686397754 0.1585319244638137 0.5253769020841041 0.5096088379990449 0.39314869376448186 
0.800490348019758 0.8625952128297373 0.933449550145979 1.0 0.07473266588194413 0.8116258318321455 0.9314076055393191 0.6272562090411405 0.5768056187654677 0.6324670002609547 0.6663371686397754 0.1585319244638137 0.5253769020841041 0.5096088379990449 0.39314869376448186 
0.6323075949846675 0.5912883318001384 0.12090328156271328 0.15247241256923524 0.07413648840638397 0.4249746047379488 1.0 0.9833968999604366 0.3427517406952016 0.28936073127810596 0.22938085473352335 0.7349540668061919 0.7784318763834109 0.7318341314224603 0.38155410459255434 
0.6323075949846675 0.5912883318001384 0.12090328156271328 0.15247241256923524 0.07413648840638397 0.4249746047379488 1.0 0.9833968999604366 0.3427517406952016 0.28936073127810596 0.22938085473352335 0.7349540668061919 0.7784318763834109 0.7318341314224603 0.38155410459255434 
0.6323075949846675 0.5912883318001384 0.12090328156271328 0.15247241256923524 0.07413648840638397 0.4249746047379488 1.0 0.9833968999604366 0.3427517406952016 0.28936073127810596 0.22938085473352335 0.7349540668061919 0.7784318763834109 0.7318341314224603 0.38155410459255434 
0.606184502237862 0.8567998954696889 0.5600222392001234 0.6244982257170567 0.09631357747756737 0.7216184363680739 0.9621192135670839 1.0 0.3728411557817043 0.3098212459694402 0.7468917761246482 0.7597454680914825 0.7511155144697396 0.6557292699278666 0.32204118072478083 
0.606184502237862 0.8567998954696889 0.5600222392001234 0.6244982257170567 0.09631357747756737 0.7216184363680739 0.9621192135670839 1.0 0.3728411557817043 0.3098212459694402 0.7468917761246482 0.7597454680914825 0.7511155144697396 0.6557292699278666 0.32204118072478083 
0.606184502237862 0.8567998954696889 0.5600222392001234 0.6244982257170567 0.09631357747756737 0.7216184363680739 0.9621192135670839 1.0 0.3728411557817043 0.3098212459694402 0.7468917761246482 0.7597454680914825 0.7511155144697396 0.6557292699278666 0.32204118072478083 
