0.4240668033279567 0.10369638807574987 0.4332306130205346 0.42417763786958024 0.18296212440175247 0.6457619140044543 1.0 0.6265497632145907 0.9562454785522118 0.8306541099265481 0.40108000579453884 0.33387445843642477 0.4397594914581424 0.30478268051654184 0.429176641121887 
0.3359036018319089 0.11250412755116236 0.45600183460485355 0.6829893561972107 0.45935847249872735 0.706294202265545 0.9663248189825054 0.689798740365175 1.0 0.8491121826549763 0.5095061195189662 0.5817206954666122 0.6178990512137268 0.22186854355505808 0.3271717739580662 
0.5380294555312876 0.0793569021867946 0.5267387774491565 0.7107355270184352 0.3712919306214584 0.576281310646918 1.0 0.5606158048194178 0.8970758644224561 0.8502331893026106 0.4704640514672567 0.6368680449988837 0.6053537322242996 0.2357187691513541 0.5207144002442742 
0.5204488979094096 0.03416778887103789 0.46812571232828654 0.4066633548228707 0.24182498370274777 0.5210128168584932 1.0 0.5534423496120963 0.9535185844587978 0.8127849571870865 0.21060739318858598 0.39029825381898753 0.5416899203457505 0.3420340542489105 0.4875437723610636 
0.45428460461700865 0.12719576725676612 0.5344854465130094 0.5926684116607662 0.3165836164612361 0.5711464003525873 1.0 0.611767507966805 0.9993242130209545 0.8820829481324917 0.3933449496778044 0.4667351248526044 0.5830922187756783 0.3022520700920592 0.4063415548607497 
0.5597592457467828 0.07718208357776545 0.5645382718285595 0.7801748515228825 0.44606944861292325 0.536940277892852 1.0 0.5266167078219415 0.9226945121747983 0.8725632486328151 0.5038615666212324 0.7390412196681055 0.6545102792550014 0.2143896319649286 0.5665004522920283 
0.601905157928688 0.06045923654986993 0.5852786473181095 0.6372519751097806 0.21042110496895686 0.4602712152175082 1.0 0.436924504680295 0.9252608074176224 0.8932216695152329 0.33892828397598224 0.5958813109403688 0.6294732801370803 0.42821710209445774 0.6157660745921353 
0.5325270718078668 0.12056876306679198 0.5239230748087642 0.7300801163845386 0.3952160115210397 0.5375239166472363 1.0 0.5159208352524256 0.9105494976379428 0.8802820026696184 0.47459168528847395 0.63853968036917 0.602094992418751 0.2195193495348672 0.5273244859548072 
0.4949121339028481 0.08716371688393594 0.37298539757128624 0.516899685447649 0.2800191099766022 0.5278599082489207 1.0 0.49886271472499294 0.8335629235270766 0.8355448257078751 0.3113097128621767 0.45515773421500855 0.5810636418092571 0.30749125883402495 0.5320441663500393 
0.4586272400747414 0.12568878685641519 0.480773252911364 0.5019431203745842 0.36745323430838583 0.5414646890550077 1.0 0.5037131280549639 0.9654915062029421 0.7889788190748533 0.3358700970531454 0.4336919463101621 0.6233485189709214 0.30332284239418805 0.5223620609050734 
0.6043498808126005 0.135817535507844 0.5993633100864787 0.6581997791828191 0.30132589422014017 0.4098528844313553 1.0 0.4509430479960205 0.9449770276980564 0.8909931352255205 0.31393708887138405 0.6022143621883673 0.5643650334324961 0.2760721865645584 0.6023115954758643 
0.5023636456891696 0.06270740572853578 0.46629592900405437 0.37136309603426604 0.26811046527583904 0.5247556275999731 1.0 0.5272028062782258 0.9653535882907127 0.7765590340407529 0.20049727423974262 0.3730731423586409 0.5656434158576238 0.3756047863878222 0.5294784161200581 
0.36816475283686134 0.12021341763350177 0.5580405514724475 0.5494452167563738 0.3407242062951598 0.5018074525743897 0.8666524284137898 0.481928365319842 1.0 0.8392160895097558 0.3083644581153356 0.5001896584492077 0.622877855434693 0.4160586260364905 0.43415121009729307 
0.4789853196151915 0.10196742779487677 0.6118704336550379 0.7694968570912198 0.4258038732825928 0.5545157423839508 0.9990928423408247 0.6112114453823569 1.0 0.9045036560828108 0.48233901238249843 0.7157735313677487 0.7415736580325253 0.3557833165798713 0.42693809204641764 
0.4789853196151915 0.10196742779487677 0.6118704336550379 0.7694968570912198 0.4258038732825928 0.5545157423839508 0.9990928423408247 0.6112114453823569 1.0 0.9045036560828108 0.48233901238249843 0.7157735313677487 0.7415736580325253 0.3557833165798713 0.42693809204641764 
0.4502047928256042 0.07828805620753068 0.4956461199533738 0.518294804754549 0.3197714378277775 0.5601975789282395 1.0 0.5477331808273643 0.9935788256658808 0.8512694089749618 0.33988289867149973 0.47314309224623713 0.6170068613317419 0.347110453066276 0.4895034616920449 
0.4502047928256042 0.07828805620753068 0.4956461199533738 0.518294804754549 0.3197714378277775 0.5601975789282395 1.0 0.5477331808273643 0.9935788256658808 0.8512694089749618 0.33988289867149973 0.47314309224623713 0.6170068613317419 0.347110453066276 0.4895034616920449 
0.5073062866538847 0.10165203391540625 0.6046836551477667 0.8781901336094965 0.5009006473135083 0.6372283371886107 0.9758120956434094 0.6578403213399159 1.0 0.9358924784274146 0.6199333136593324 0.7948085145371115 0.6364254895897714 0.16696688243783608 0.4400439332050041 
0.5073062866538847 0.10165203391540625 0.6046836551477667 0.8781901336094965 0.5009006473135083 0.6372283371886107 0.9758120956434094 0.6578403213399159 1.0 0.9358924784274146 0.6199333136593324 0.7948085145371115 0.6364254895897714 0.16696688243783608 0.4400439332050041 
0.409347525912992 0.08602431964534887 0.5209031236704728 0.8320741595960435 0.5081370920017676 0.6954087944971463 0.9203290211187272 0.7295081861547679 1.0 0.9296317746005394 0.5927607486885961 0.7761059999611964 0.5994490356964718 0.191758845417305 0.3619715530697926 
0.409347525912992 0.08602431964534887 0.5209031236704728 0.8320741595960435 0.5081370920017676 0.6954087944971463 0.9203290211187272 0.7295081861547679 1.0 0.9296317746005394 0.5927607486885961 0.7761059999611964 0.5994490356964718 0.191758845417305 0.3619715530697926 
0.5858504676157269 0.045500031234663306 0.5685638843156571 0.47302959720329035 0.15783190821451898 0.4685963674362087 1.0 0.4660909719813995 0.9543278041534876 0.8169467561449155 0.237998897706879 0.5145103062641154 0.4476307901418843 0.36539613988974506 0.6015986395672253 
0.5067737077084312 0.13773475141842417 0.5865035045235032 0.6161949514779445 0.23023209939281825 0.5496152066559628 1.0 0.6096201290950719 0.9548064205282445 0.8452485630227373 0.4301486932748958 0.5281006216470541 0.5190720892611825 0.3158354237242986 0.4577973626993523 
0.5020879339179822 0.12779480530586526 0.561978703127442 0.610697385011197 0.24407425558849646 0.5621596571983195 1.0 0.6325520140253434 0.9453723773032444 0.8420022576748589 0.4329371961747877 0.5242575549852229 0.5169733266182426 0.2918454669676433 0.4369127050621272 
0.4979550347142763 0.16715798906473586 0.6114134017872084 0.7679492637496362 0.3544591285832931 0.6890929977061342 0.9896375302081056 0.7036876651889414 1.0 0.8743357154121345 0.5957777421105842 0.6601331837943991 0.517153254019042 0.21517615480099275 0.44787686080486777 
0.5240229625650598 0.10141023251895966 0.5529725566282085 0.5684891283021292 0.21988926664431308 0.516808559497075 1.0 0.5942921451363907 0.9244564099696921 0.8212410283470672 0.3756374492874947 0.5055357931270048 0.509139454376315 0.30562257498669054 0.45106613648573296 
0.34635506964414564 0.0801173025394291 0.3779699370949987 0.3988142373699673 0.21278730310226115 0.680689185110518 1.0 0.6725272003802208 0.9574598228847824 0.8275178254636745 0.3779699370949987 0.34190204788946366 0.478956343374318 0.3026512123180496 0.33978131009806334 
0.34635506964414564 0.0801173025394291 0.3779699370949987 0.3988142373699673 0.21278730310226115 0.680689185110518 1.0 0.6725272003802208 0.9574598228847824 0.8275178254636745 0.3779699370949987 0.34190204788946366 0.478956343374318 0.3026512123180496 0.33978131009806334 
0.3482107992512828 0.0582289996193747 0.3670507967842377 0.3639188053144634 0.2502498244611294 0.6860664012789173 0.9980709942514986 0.6700174675670687 1.0 0.8460134961090007 0.33293704285738746 0.3332850304547112 0.5021759820580629 0.31227623338721316 0.35647673950334785 
0.3064047763851234 0.08523394035615782 0.32196810176358204 0.37298563812365115 0.23887868030784867 0.7206968237952937 1.0 0.7072165377694649 0.9450766228387644 0.7967841293434959 0.40005432726380563 0.3126734228509715 0.5177087533608318 0.31847782954326154 0.316865273209349 
0.39889781455965356 0.07647006340609573 0.3230167820479793 0.2774640064744361 0.14910001288094515 0.6441044025198457 1.0 0.572692758763772 0.9245272458192513 0.8069657353615175 0.26015987887241215 0.3137576182838006 0.4247160500593777 0.3246211490220903 0.4494825944850615 
0.47831180978616183 0.06173141940680072 0.24922985518241353 0.3723674540331444 0.12990865604137192 0.5774209839022664 1.0 0.54900322426926 0.7649466963133922 0.8567905479212761 0.22098025197335636 0.39931619923232575 0.3946881777930341 0.35365923482105965 0.47603004693558715 
0.32892164158138676 0.09339425669742697 0.30710760446668034 0.34963172384577096 0.24382501170613086 0.722599838544679 1.0 0.6321610843068602 0.9761756874071608 0.8409426704419466 0.33911518300984816 0.37210631271171307 0.5302692166417744 0.3355237610678536 0.39462583783705424 
0.33999086397376893 0.09835758383022601 0.4255169638253729 0.6243545011574914 0.3656683326438176 0.6881042243159199 1.0 0.6468156990627988 0.9768271535833899 0.9013751282293705 0.4432437137770317 0.537730807539794 0.6532714467354311 0.31170577051320103 0.3774551833211344 
0.32753839323979245 0.10336162151046131 0.3667413326684632 0.5339358017417057 0.31375463563610956 0.6880307605797684 1.0 0.7331357829976692 0.9511101370744541 0.887324626081613 0.4113261348239243 0.44076822658938025 0.5905455428295119 0.2861953705829014 0.2900578309751624 
0.510696968900367 0.05746027506937962 0.4270473548045652 0.1540700870169889 0.3000143860742884 0.5350470596722083 1.0 0.5912796011034483 0.9269964399363818 0.6300968268618776 0.17979511669652043 0.1428031835944598 0.46847073036104026 0.4080808690493518 0.46017485558487364 
0.5182513802490141 0.10214020172062147 0.45622569375582345 0.22560556575894564 0.2712214505267884 0.5228354064357291 1.0 0.6096637291164403 0.9259502437250721 0.6549660210876465 0.207995386374132 0.15113166593677405 0.443195028214073 0.34534740941413244 0.4292785088715166 
