0.10694919904637587 0.6064313184277959 0.6404123377405342 0.691297385751008 0.28532599276346843 0.6469864198812262 0.7240321925994294 1.0 0.9309920739315306 0.7546930508242538 0.5959925127782358 0.42784073361654273 0.6761490204112335 0.5948204593991498 0.5483523769265142 
0.10338282893426605 0.6631645654128292 0.6605556537131695 0.6167291228482736 0.20427501460521996 0.5289820441301545 0.602759916072159 1.0 0.9733432889038827 0.8296250779367889 0.42078460366467646 0.25648443442570024 0.5609105063593555 0.5921973880155943 0.5935519398390291 
0.09413842746920106 0.48847846787174437 0.5983501230799116 0.7216995495106843 0.32464548095868795 0.6263237549070768 0.7056054219143266 1.0 0.9851862932767317 0.887669123956651 0.5056942447030457 0.5441245816077865 0.7026980726708311 0.5530256136913966 0.43191987316528535 
0.09105019767140593 0.5224492499418661 0.6857885489768775 0.8486963501219597 0.35536113698842264 0.6573874167793428 0.6919599988854535 0.9942399966903631 1.0 0.9058658290499565 0.584014534160466 0.5866613660775091 0.802734383819377 0.6304707263796021 0.47151820161884606 
0.40448761914639875 0.5350460166658858 0.5989595844346511 0.680033415393783 0.2400859387860721 0.6706218124167544 0.9642245367111478 1.0 0.9668833675303262 0.8602350187961169 0.5780084794827193 0.37580608434187085 0.5042161923382631 0.30164816936075595 0.1738905023923217 
0.08609585578962617 0.40929502596751305 0.5521017249780595 0.6869006578394267 0.304543266382987 0.6592064022032964 0.6778394354567617 0.9714428372268857 1.0 0.9147372775578824 0.5202717298082999 0.49242159584954304 0.6391548693892023 0.5069305614744325 0.3799273715286636 
0.11726903076693232 0.4910177290035149 0.6398153173730015 0.7424122369516912 0.32595970038238814 0.5727425127381451 0.608988282302238 0.9469574538451998 1.0 0.9015138341133259 0.5273162746080136 0.5032196082827126 0.6510118325183659 0.5494430077791096 0.42079481742177777 
0.13983876146717744 0.5835875873700493 0.7651830113756124 0.851656399487882 0.32643939457983684 0.534984919760655 0.5407144119848609 0.9413260491641976 1.0 0.8976964157554527 0.593413855420019 0.5479829685679962 0.7522207310044965 0.6785386394168446 0.5283659996978183 
0.1539943168119482 0.5608952029280565 0.743929280084405 0.7917373735916721 0.29463849797410674 0.6001137165309822 0.6805932045376009 0.9668486664818231 1.0 0.856445567535506 0.6195568758225565 0.5160741273782711 0.7349861965730663 0.6710887694431852 0.49469618614168254 
0.11911391192767372 0.46642387899021137 0.5369745953835999 0.6178718582446687 0.2645793871093834 0.627486421182252 0.716100090342778 1.0 0.9879538698164095 0.888266480871851 0.46823102980791376 0.4120309901227819 0.5531912589930804 0.44526215762159055 0.37054285090125205 
0.12312480847648623 0.5539150415975966 0.7244287184094151 0.8082546517186928 0.2800920260249693 0.6259589286851412 0.6151401476014395 0.9544583782885556 1.0 0.887530168318322 0.6354020677995482 0.45673685466859465 0.7241670905908031 0.6505588784717484 0.49704051050694326 
0.16749775782911258 0.5952011725706046 0.7077196973133595 0.7497193925175161 0.26608622130415716 0.6010855309752909 0.582028690400829 0.9991324537164096 1.0 0.8629866570290419 0.5959291952864332 0.4305465510083511 0.6497766948049228 0.6277357997102846 0.5458474128197587 
0.10720274404630754 0.4214177730689529 0.5120535127912937 0.655076128490837 0.31300377660707407 0.6888102109079138 0.7298517501906951 1.0 0.9641663825461693 0.846743846784848 0.5515434102022853 0.4936177963183514 0.619764013138846 0.4632944362478823 0.3759492256252988 
0.11602273417647416 0.5299785969529699 0.702819154218686 0.8625956652451915 0.3462518387625836 0.6468566903055181 0.6772317964331478 0.9798378682798228 1.0 0.9141039425691287 0.5978256237011482 0.56995845356806 0.7996400835338162 0.6338411681616121 0.4696695059562871 
0.09523809523809525 0.591746372368592 0.6481557066830625 0.6891887285443169 0.2835011285633612 0.5641511906267801 0.6509097844502504 1.0 0.9776798549193092 0.8458396398828074 0.5163001894377965 0.4311503827637397 0.6706607490095352 0.5993613801338628 0.5316394112486814 
0.09282403728435733 0.47740329878670795 0.5369364342128637 0.5867610406874424 0.2349211761224723 0.6104771280372534 0.6881637908516669 1.0 0.9828197724686041 0.8795940775680613 0.4476523669159673 0.37880861198873594 0.5767307325062567 0.502484194515991 0.4321985749987283 
0.12893054542473192 0.5033043595048633 0.5251429533037241 0.4799880150415102 0.15820245395160373 0.6943458610970202 0.7211322707805764 1.0 0.9620410456304729 0.8245678960317524 0.4404169926119984 0.21446130095606966 0.391709947351278 0.44547699962050263 0.4161589485424992 
0.12143898213741428 0.4620115069036395 0.5153613476481804 0.5783997969516569 0.23485996928207128 0.682802881480522 0.7389761210252568 1.0 0.9648354003520828 0.8359300377486945 0.49328747735212697 0.35775213940484424 0.5021857897161823 0.42266412255828506 0.3714751343453777 
0.07827235699922178 0.3921848390808048 0.5388943253679189 0.6708354143633494 0.2574171777207799 0.7301035467909184 0.7392109915062981 0.974089969997297 1.0 0.91979879684787 0.5678828497816949 0.42327488512272377 0.62220758701431 0.49295725177318966 0.35733800161785456 
0.0764686472352403 0.388818931301592 0.5345224838248488 0.6187558889764082 0.23537507426165233 0.681361653364915 0.7137007293395445 0.9609961468515468 1.0 0.9060855806332391 0.5120095126949322 0.3955663628896443 0.5789498190654003 0.4893766663145503 0.349325429335871 
0.0916462400691196 0.3877507189200021 0.5465893833976518 0.6293345395572748 0.2531838386991552 0.6711613731760404 0.7086039566433058 0.9439126226416739 1.0 0.8941658160744174 0.5184676308927174 0.40234249315165743 0.5754027360936795 0.48791910486282364 0.3356101998624793 
0.08940850229724749 0.3970632295511861 0.47274138156698287 0.552744850163519 0.2303264996125943 0.6726637889454885 0.7254887366850009 0.9750374506736151 1.0 0.9166027725085067 0.4762879991933026 0.3105833843442262 0.5198305032907006 0.4219090745218615 0.34902810172895743 
0.1285272889438388 0.4157736694777157 0.5979362018936644 0.5712878680662267 0.16397645851412143 0.6774066280736087 0.7125488984645615 0.932972744355306 1.0 0.8844206339068459 0.45922485308480354 0.26580372726750384 0.4461439499904068 0.4733950537271823 0.2944714398560954 
0.15345009282482472 0.5058179822519515 0.6455422805382971 0.7653071322989472 0.31238567642171056 0.6564081114139647 0.7415586665250206 1.0 0.9836487180877397 0.8658171575831142 0.5995717211297117 0.5327035697369409 0.7230990023193842 0.5771084133097723 0.4298205251476979 
0.12954155772247739 0.5514326207186245 0.6167251225150602 0.6674013594040982 0.26770935773113474 0.5868913650355257 0.6780196996539944 1.0 0.9474756248573536 0.8143110936543279 0.5129526077481216 0.46713231436798847 0.6136352010995726 0.5333901333025886 0.4593745513922587 
0.15128932235512138 0.6468465117060985 0.7902125333352433 0.8271412879761814 0.27762631902339063 0.5839871322510293 0.6685250459490157 1.0 0.9960063269112159 0.8653229315481473 0.5854156191631633 0.511230192488872 0.7516466888483516 0.6964368776010776 0.5517581173887083 
0.13729425800070325 0.57122069200595 0.7354639925871356 0.8119990954951822 0.27344892471327037 0.6640213228998418 0.7123665321965374 1.0 0.9784192679500879 0.8556457660405776 0.6281678927589465 0.5211149383486131 0.7475617551447287 0.6660276276342874 0.5075370161323839 
0.09053931402399906 0.5902886252030555 0.6638032618931508 0.6637636802907844 0.23965416523476968 0.5544141081215391 0.5880812642114338 1.0 0.9750304752310729 0.8385937851745978 0.48440648361182875 0.4263033942596887 0.6232618825723445 0.6253240666900708 0.5632296230783421 
0.1361801580576563 0.6620464120826239 0.7374723519646951 0.721784112240916 0.2449860421806506 0.5260310758568233 0.5869391856534222 1.0 0.991714707805166 0.8555014860197415 0.5087334910899013 0.4156593255126384 0.6244195432593865 0.639793233983643 0.5790616562803798 
0.09079393962857854 0.5761234623309661 0.5819752881668826 0.5606284322914058 0.22815501294598908 0.5240075988870551 0.5959846913498027 1.0 0.9403050777266351 0.8011673689732605 0.41106826910181316 0.3908751109660465 0.5255226062641354 0.5317717472235074 0.5237718647025392 
0.10864678049434812 0.5690197921550557 0.5944048268143449 0.6334039603771943 0.2849593267959419 0.547811757253778 0.6450154423071243 1.0 0.9480855033708211 0.8208039667548027 0.4284403008322759 0.4656531933003818 0.5941960256041389 0.5194117639773841 0.4821175120697464 
0.058262010056517946 0.492857231799074 0.47178780691439204 0.4291552191109876 0.1833593885538876 0.5853695752676289 0.5955434178886503 1.0 0.9399787765074886 0.8000464788323642 0.3789958429237604 0.2841880335091782 0.4306132354310644 0.47551976363440307 0.5003308857539205 
0.09974504614371311 0.5800844127116032 0.6267802879733264 0.6946560033591692 0.32451259035842744 0.5445484373068539 0.6064891411041854 1.0 0.9581122885824133 0.821708514911335 0.4315669613826969 0.5043234881523649 0.6365112238283192 0.5469276712471206 0.5030848146326548 
0.08371296701404966 0.6180374010812831 0.6578866558776951 0.7169605616053609 0.3331995048291605 0.5031095812154855 0.5545807358784287 1.0 0.96201480603885 0.8443905993050145 0.42665809491306034 0.5359153088538559 0.6592453632028815 0.5884686628175262 0.5549425173156853 
0.08615077919690921 0.5512546009644208 0.5926744642919095 0.6838006110283759 0.33887915782131894 0.56730308356925 0.5821636874187639 1.0 0.9538646862861068 0.8362933706771712 0.4477784387878299 0.5400573774368435 0.6046152038286725 0.5221881244030361 0.5025333083321826 
0.11163363633930795 0.6738472071825329 0.639630413569842 0.5557879227425107 0.2344036154692477 0.46255987890821504 0.5644534221640014 1.0 0.9621248543384117 0.835698163759816 0.2840411488588544 0.37880147531348524 0.5050200222502481 0.5587484805157726 0.5844295559783654 
0.10031268497767329 0.6515091946451497 0.6224474079580168 0.557373763949872 0.24815041977851823 0.4480557601229641 0.5476971149538568 1.0 0.962630344937977 0.8374302160527172 0.27541086292037986 0.4004823049764373 0.5212259300503064 0.5588455885889684 0.5824178378932384 
