0.5639247093924623 0.19939744975325888 0.1801048766715621 0.48090156412942 0.6040440104939472 0.46196107480418686 1.0 0.35003569654889594 0.302942846286435 0.8445971635950393 0.20576153957189283 0.6548689773344063 0.6025401969928389 0.7385078019065161 0.7166315878816182 
0.5207482376358514 0.1924219352289961 0.21317992338571112 0.5573827309349967 0.6316892213335621 0.5107262453653235 1.0 0.3717391217561603 0.3242371130527596 0.8802014356517042 0.29702816877741767 0.6782205364242272 0.5090367303273048 0.7202026746650971 0.7116892073504043 
0.6480299444816155 0.14718238707086206 0.1079070630258228 0.5839754975686732 0.6612910469007909 0.4001172450523856 1.0 0.39983435851153787 0.3228302700209299 0.8735968344489404 0.21394722817908676 0.7155732628667869 0.7024876227291398 0.7483309275361536 0.6968717479453507 
0.5153767971493086 0.20980481093326941 0.20229847218943534 0.5382299669903571 0.6375967019873023 0.5113051833813436 1.0 0.3539522101116045 0.3189130649797811 0.8964439403269924 0.27628139716091854 0.705804993539724 0.6210234250603646 0.7141656712342035 0.7055087977175656 
0.5981231291992767 0.12033457050491794 0.08406361819986123 0.5240448498038779 0.5378300401829209 0.4625545551738549 1.0 0.4060011061894013 0.3970838238042582 0.871318635055984 0.22473966824008004 0.6373944532748589 0.7081767372079292 0.679509088552874 0.6614169605738476 
0.5311369404067835 0.23995628241070788 0.23181242671224145 0.5876397060772853 0.6772632561714316 0.4727067457050617 1.0 0.332795016374991 0.28851981957321954 0.9015636230150024 0.297264822462108 0.7369234667803732 0.6472506904421613 0.7548148133066631 0.738104267663545 
0.5949685601226614 0.09108843313919725 0.1344904598134148 0.4853227277575127 0.5938518764053478 0.4630662165737537 1.0 0.4436670635850853 0.3290297788955983 0.8827592429721347 0.17454787577407155 0.5654823924744249 0.5504937576872815 0.70840804398926 0.603222789602087 
0.8042263322360912 0.059738633811125125 0.07581599974092344 0.5015503913178175 0.5433431236587448 0.3881344612766445 1.0 0.4116704926634927 0.33096851018588275 0.6896311708388223 0.29181937657612156 0.5535751633516324 0.7800847390286397 0.8664342401303785 0.8100148181770133 
0.589016438101313 0.10551315264071932 0.15898546883723735 0.3263882638837659 0.44184860113952634 0.4686962024283515 1.0 0.41335468524197366 0.3134085898713013 0.7345226597287915 0.15560329003202727 0.42663927655548456 0.5033752274483293 0.7081336470287863 0.6220377978504501 
0.5844932962730528 0.11994322399284102 0.14639933643147043 0.5428227045266423 0.6011830184946722 0.4352360473482556 1.0 0.37921636292744565 0.3113624333240865 0.8466714906242085 0.251944871823283 0.6404362136437398 0.6056108760390182 0.7295861486668197 0.6779385699596039 
0.58498984158197 0.14338796772957446 0.16153295693097242 0.5795937902950944 0.6240840282501546 0.42223061059637795 1.0 0.36785079536447 0.30813204181204007 0.8385356739595116 0.28160837822856866 0.6516582462804834 0.6063191822956553 0.7324448169221116 0.6944845161480556 
0.5927276381628594 0.15640261657382476 0.15956258461411418 0.5496275862976173 0.5379222754403992 0.4415968753422203 1.0 0.35931986367382646 0.3280919166517683 0.7933420294318376 0.3131043298532534 0.597707528956769 0.47927402197858143 0.6998997030887892 0.7185528879143895 
0.45318223059271695 0.18569533817705186 0.2060957326492078 0.4926961398103909 0.5766906662447031 0.5535219434028099 1.0 0.4112670607589201 0.3640418272750882 0.8907772183187269 0.32422667259362103 0.6160671290269091 0.4914585965315312 0.6549941064160427 0.6302974476368486 
0.516550384517679 0.1737607475262056 0.1780688070961001 0.5515171926374608 0.5955454869817981 0.4861985087757204 1.0 0.37252884097615807 0.3358098857602586 0.8775524015884457 0.283108385085699 0.6533624589217419 0.5804920496998758 0.6861762750499122 0.668951462494128 
0.2654241255432829 0.3639201530148003 0.4694852360157913 0.701049774097572 0.7304193483512995 0.7276557389400274 0.49774508324836125 0.39676326440146786 0.31162823333142964 1.0 0.6053821731386407 0.732714393749197 0.7440383158457692 0.24018685361071362 0.11847474815462668 
0.425548152851596 0.22725686230949116 0.2811350027521942 0.4788433158558525 0.6290585038620825 0.5780767607591564 1.0 0.3885368724575725 0.3069765340304174 0.9030297774061837 0.31465213206764026 0.6284261075520104 0.4993921642224358 0.7061220502863484 0.6440840533090161 
0.40244756022061334 0.20606300987495918 0.26998283844849874 0.4326998241870968 0.5609055446041936 0.6067470650296414 1.0 0.41999363318189015 0.3405850199761885 0.855540885913046 0.35607097266544957 0.5588468664971091 0.45131844150061395 0.666043969213574 0.6079995389578704 
0.5039151874510989 0.17283495796122408 0.21620449171537043 0.5214179491150355 0.618904821566155 0.5064958815957658 1.0 0.3791583107600997 0.3014014864715217 0.8531216503810891 0.30676099566150467 0.6354134776653249 0.50740358103646 0.715463077089964 0.6696160186208127 
0.523222156167742 0.19304178719840492 0.23914884570015718 0.36136528116840866 0.4698161964674138 0.48392347772673716 1.0 0.3331829313272918 0.2591441486840852 0.6970639064473749 0.33435818341153656 0.48791941063345545 0.4943488752071217 0.7573176273033186 0.7099441608801931 
