0.2558298991482095 0.3452959700039981 0.0788150498443952 0.3944623399553444 0.3274661563738954 0.6914985900500692 0.9208971600891829 1.0 0.739850292053125 0.8595370916800528 0.39700632433158034 0.3118101491352261 0.4779085155459027 0.2500716130074616 0.2411432315074653 
0.4676893509898643 0.5136573895533135 0.02317043302562983 0.40866077076773216 0.38571655906773716 0.5222155183458732 0.9500253095830742 1.0 0.5348992242906335 0.8010731031618142 0.2531894013092729 0.3246478287240685 0.5316048782036238 0.4592656569783191 0.30233034997376346 
0.5755489004211388 0.5986047209832163 0.07531372400688897 0.5939182342995436 0.5290064285030065 0.49703159305429834 1.0 0.9898003405629177 0.47732832994432023 0.832919475371621 0.36223853284708507 0.42527751124621893 0.6266173434809125 0.5773743482565071 0.23584815950731064 
0.5312104548348913 0.5601986347041293 0.06737126536763098 0.5742582556709186 0.5102418499358439 0.4956950959705272 0.9796524753959029 1.0 0.49740739112261473 0.8451699229973461 0.33585851339520195 0.45286575225379394 0.590108935159643 0.5190119245520428 0.1762821507504016 
0.5708595097344527 0.5671869446019895 0.04827632895288246 0.45868440794063214 0.4450333949047472 0.4441072421416315 0.9730924120099476 1.0 0.45122229549403026 0.8107644983582708 0.1853039791107014 0.4304631811948045 0.6396203679764121 0.5937268851722035 0.27538673191606655 
0.5445675212256821 0.620279014608454 0.11005134306746135 0.5703976756125612 0.538832855839871 0.4205055914252512 0.9460825108176958 1.0 0.47303294265778784 0.8082127944443491 0.2983984493146307 0.4300112058225058 0.6010644306177515 0.5491121343468469 0.24985643202938157 
0.6819663878563132 0.6848639386682168 0.09222391694244002 0.5951482979347225 0.5120565896594347 0.37100165443919164 0.9874227321992449 1.0 0.4403779111596192 0.8267430274889525 0.26666409668344504 0.4659692776940462 0.674692126936002 0.6444727772448199 0.260163249066516 
0.5003825416623922 0.5125045661991253 0.06534517906323224 0.47919611172080906 0.43244601410479977 0.4987860095096662 0.9791414787870139 1.0 0.49789683513683586 0.8371250005490258 0.23673114804447704 0.4310277874029454 0.601904241504218 0.5303201162753507 0.21668826344750575 
0.5448815013774146 0.5884875491254089 0.12252506347691318 0.5671248118375861 0.48194510153353043 0.4476112702696563 0.9760508306407039 1.0 0.5180389601537205 0.8034011389709158 0.3082449236573716 0.47639188483240125 0.6162965519282604 0.5120086797097415 0.19152302757004902 
0.4905087973436626 0.5706636555967683 0.06039735620823726 0.5460651809126867 0.5304482958044968 0.46915619147348625 0.9400686383140108 1.0 0.4330115572810469 0.8365965197251469 0.28129419024987906 0.3967721181600179 0.5722733510432072 0.5369416092389282 0.24713870681016378 
0.451428005230461 0.4607714463453292 0.07899841970884731 0.4118538498088119 0.3814662064527839 0.5458164429497252 0.972281351887149 1.0 0.5146430252437665 0.83767066014725 0.22304191395354753 0.38962893774403246 0.5312816780743362 0.4963536962489957 0.189125394040865 
0.5489623969259467 0.5932144622999638 0.10360272313285537 0.5017740919194066 0.4371965661521069 0.42678977070749896 0.9481945115681844 1.0 0.4182588013842849 0.8084822761969275 0.22844201463413671 0.4424100084034886 0.5836344684671275 0.5690237014798116 0.21245440089416534 
0.570554217648022 0.6404683137775815 0.1031615505841693 0.6477789981458779 0.5659966714202197 0.412474991679005 0.9433971149023634 1.0 0.39402439895654257 0.863356933690793 0.32234104354217036 0.48702316320616695 0.6480697101533974 0.5893910454723192 0.22087345231225625 
0.6469661346257476 0.6869614330504208 0.08089611843131192 0.5475308450185425 0.493864366246917 0.4063795725124242 0.9678922450744405 1.0 0.3947600797445583 0.7711894438821149 0.29817174028009813 0.3908176143663917 0.558243715140899 0.6659970390272024 0.24891716499795905 
0.6487836004169466 0.6812133635252758 0.04297508452587057 0.5070557165775593 0.474399789817168 0.39091588928006465 0.949109594208737 1.0 0.39173032001850805 0.7694098395425749 0.24796301790704792 0.4299409584488317 0.5740855703227444 0.6548391037950587 0.2318512568690526 
0.6428815288355065 0.6715902015524186 0.05229506732759451 0.5002317733930786 0.45280179940911625 0.3945005048539975 0.9523500041748656 1.0 0.40766718580373806 0.7735001965271275 0.23514406402202395 0.41545770910528285 0.570513159555442 0.6371103724780008 0.2418332082022462 
0.6601642298017328 0.6794649063921969 0.0399579439707338 0.5158653660334792 0.48108963577962516 0.3895455186160149 0.9595511259353819 1.0 0.3968382183346 0.776073891932606 0.24194614365136813 0.44103603168494016 0.6101986005129568 0.6608795343387248 0.2506772462164011 
0.6700969864130099 0.659024570241537 0.10509687153704467 0.4518461600687736 0.3822583775771322 0.5180234173382955 0.9354418362106361 1.0 0.49646661128087954 0.8209870190284204 0.24794627532015318 0.3988304578247245 0.5614162010254137 0.6407133964260314 0.24308000347754136 
0.5758325132341989 0.6362872061991203 0.07008149482252436 0.5115818208486055 0.44941660203331274 0.4456654122384488 0.9543349034131327 1.0 0.4626729894699132 0.7625808181529927 0.30919725625821953 0.4046671922768326 0.5594720737319228 0.5713957214038569 0.24710786028274417 
0.6752350468025126 0.601227791409492 0.11474246255115622 0.4686865989156537 0.5666795046171972 0.4273800992628135 1.0 0.9782945477468672 0.31634557620012704 0.8221921053198705 0.181960882030073 0.34929321344966463 0.6402184764962535 0.7465928618601042 0.33751239572522135 
0.6190760873334162 0.6394261964287452 0.0522540687849374 0.4898677293943729 0.5084207433553786 0.4188580420379716 0.9903390555865954 1.0 0.3844155440010341 0.7704873741021288 0.27429263636850343 0.359198786749074 0.5508742649589486 0.6694489191982772 0.26893312687203824 
0.5062963351712187 0.5741539614625055 0.09103713153012963 0.47274064428741336 0.49865695618707134 0.5060782007709801 0.9501479915003075 1.0 0.44432571242270447 0.7414486099730399 0.3508679230857585 0.4000006495103909 0.4653879143350853 0.5907911452150579 0.14930242702420937 
0.7189865283857751 0.6484080999651075 0.05838128864586172 0.4644058526903603 0.4626448022998135 0.40802021387475446 1.0 0.9628860615403754 0.35970732089442753 0.741963492457219 0.21090453780050594 0.3839523060450268 0.5962519700215647 0.735157500390859 0.25847052349156924 
0.5445179372043497 0.4975194141155271 0.07604110686413924 0.37202635008936186 0.31463928637028876 0.5379978950577112 0.9952559445324963 1.0 0.5706464623773347 0.8220724013790024 0.19479406843768118 0.41049767860058517 0.5909476183199319 0.5151370447432035 0.22342957951599796 
0.633852516176276 0.58878379626532 0.13803143760483372 0.4536175921262057 0.320395877617822 0.4799386426069702 0.991511512104422 1.0 0.5748515130242602 0.8497150450809974 0.19959312901430099 0.3957290287171497 0.5945216903328305 0.5631830279548334 0.23864238078754305 
0.5142486792250477 0.44434982735895423 0.06975316178941633 0.31257630379111023 0.2753767394826314 0.5807114052582657 1.0 0.9827524920114257 0.5792333082720901 0.8189332975212466 0.2166576216314702 0.36812478757177314 0.5357625800043747 0.5155985337106745 0.1940950775910134 
0.5425667969891055 0.541504624590448 0.12396330283644583 0.37463824625273234 0.2875700525434762 0.5366305663137236 0.976281041953407 1.0 0.5443388886614673 0.8030482072162033 0.24473948276644703 0.390561735953107 0.48572202663238084 0.5162288265902057 0.14125100915443187 
0.5014462682853956 0.4775073215651927 0.12250027002538484 0.37905364491437515 0.26482279866485503 0.551028927426209 0.9924355617851759 1.0 0.6434554645647597 0.821133712690465 0.2504950015181923 0.40243627976573115 0.5529819924188664 0.4506387851914459 0.1896847674860788 
0.5150141906913037 0.4749082081589913 0.07980273869549456 0.3517490149837893 0.2916662863225879 0.5660053774717547 1.0 0.9984652759852207 0.5835151093623028 0.8274059698706772 0.2357323801656721 0.36793757862963405 0.5209968326971971 0.4980473051938567 0.18666970939251457 
0.6575003397327583 0.576395256472257 0.07868481872529823 0.3798766602457866 0.3293215746228017 0.5001180405288922 0.9825327938609073 1.0 0.5473696017730024 0.7913916762771736 0.17064612723354713 0.5675738025466389 0.8023109668480819 0.6197624520455907 0.31357016769071927 
0.6517021766303233 0.6813443537285071 0.06375708758118441 0.4832347561634918 0.4622017463050532 0.39999816892994555 0.9479621267751213 1.0 0.3627401176417275 0.7535704719721776 0.2151921366741244 0.5188127619146901 0.6434314195962008 0.6655747623985028 0.21266717383495265 
0.46855818441258884 0.5159687357515346 0.118709550702125 0.43155805667006797 0.33651668266059737 0.4978317813398496 0.9515572302708294 1.0 0.5039149749117295 0.7922120447375546 0.23861920560383001 0.43880265115140055 0.504523454065482 0.49091964184622766 0.12764209075597868 
0.48425022847528143 0.5197906508280731 0.10235056701445677 0.4074650009624344 0.36056810897378777 0.5016355365834062 0.9528748085393467 1.0 0.47843896895121296 0.8100607740345075 0.23529739535844943 0.3779518363536938 0.4601054807846189 0.5146409884894404 0.14280778101667005 
