0.6395942231441063 0.7471641264322764 0.8789535932394987 1.0 0.13293164437926322 0.9857720383970848 0.7175877761025524 0.5929020793182189 0.5362980088428727 0.5089596025939014 0.9710805054873156 0.2750273452683735 0.43139456006099774 0.3033923052371258 0.16154659095243426 
0.6283606320572307 0.7354424025212039 0.8820001615898595 1.0 0.1331442048232374 0.9454315599266779 0.6582182687102718 0.5568374802146285 0.49065338146265824 0.46744083865929736 0.9695462469569358 0.29305726364477785 0.43665152806560215 0.313304753761396 0.14605292890017235 
0.6156072352112553 0.7258193865842577 0.8731168849082821 1.0 0.1398077407143789 0.9586359321371112 0.7028131181633771 0.5937309308004551 0.5206376140504851 0.49815245823185633 0.9681825484721935 0.30439731199853143 0.4595431763213823 0.33085490678292606 0.16072759336977901 
0.5409507319268749 0.6883850848135145 0.8459761137312176 0.9830612700672314 0.15006498634194207 0.9022974766626845 0.6159827156912452 0.5354966748289205 0.48260872357649054 0.4642282218759188 1.0 0.3178415208998834 0.47811274545491317 0.3328577221408492 0.16202401757012144 
0.5409507319268749 0.6883850848135145 0.8459761137312176 0.9830612700672314 0.15006498634194207 0.9022974766626845 0.6159827156912452 0.5354966748289205 0.48260872357649054 0.4642282218759188 1.0 0.3178415208998834 0.47811274545491317 0.3328577221408492 0.16202401757012144 
0.5568142853849934 0.6958199088132988 0.8438231040214984 0.9800807975600531 0.14833152988952616 0.9184909017089806 0.623855822102821 0.5597233983540592 0.5013804847340386 0.4803070567056459 1.0 0.3089227701365185 0.45470783225509276 0.30979773016952455 0.14962929328482744 
0.5568142853849934 0.6958199088132988 0.8438231040214984 0.9800807975600531 0.14833152988952616 0.9184909017089806 0.623855822102821 0.5597233983540592 0.5013804847340386 0.4803070567056459 1.0 0.3089227701365185 0.45470783225509276 0.30979773016952455 0.14962929328482744 
0.5591869764644899 0.6929879051327055 0.8128767389687246 0.9473271918427948 0.13711349528360006 0.8994207579054283 0.5723806200709364 0.4345463410644318 0.3535045133703136 0.34559513405476855 1.0 0.27573512471060085 0.4489412482735772 0.31766705574860926 0.174390204999215 
0.5153218634070614 0.6336694593157765 0.7844959386011608 0.9318775527368972 0.15531292545614955 0.9302726449474118 0.7395336519823457 0.5257790320701541 0.41453988113773527 0.3793135234421111 1.0 0.3237495134591623 0.5427601096833339 0.394486497287026 0.2323959947768073 
0.5080247203251906 0.6340383077242547 0.7701959970309288 0.893318091837422 0.12868386874835222 0.9285394031750726 0.7250216476664142 0.5119766172893556 0.38562807171683616 0.3419024210170657 1.0 0.29244024794204887 0.5153700371513426 0.3919330357614546 0.23128265338930468 
0.5169337399701793 0.6648990064811805 0.810497071946886 0.943139407430519 0.14120090192364157 0.8979034077199037 0.6837884410054131 0.6114178405157431 0.5670666232546357 0.5606824699612443 1.0 0.30010959115176694 0.4680886213365098 0.3274665435443432 0.16929393414139696 
0.5213716960613974 0.6590125554694822 0.8116823547667824 0.9429586169623213 0.13870746978862386 0.9035599606991572 0.6815864514897817 0.6106586621045456 0.5659758645653473 0.5612346219617094 1.0 0.3046174152232464 0.4647361524156997 0.3270387933710063 0.16182538142006117 
0.5057741620002855 0.658327989926167 0.8019288860519032 0.9457586736743038 0.14637993544305192 0.8872737446864112 0.642657612264481 0.5707062013580169 0.5131243332510986 0.5254760654369172 1.0 0.30448648114020277 0.4741424252862724 0.3315255046786139 0.1724769078829407 
0.5057741620002855 0.658327989926167 0.8019288860519032 0.9457586736743038 0.14637993544305192 0.8872737446864112 0.642657612264481 0.5707062013580169 0.5131243332510986 0.5254760654369172 1.0 0.30448648114020277 0.4741424252862724 0.3315255046786139 0.1724769078829407 
0.5294549643956077 0.667657403825945 0.8136988935420623 0.9533365365494776 0.14291378724591014 0.9139744685181568 0.67460081394826 0.5968830843244766 0.5496680567117193 0.555826492199584 1.0 0.300922854037752 0.4601223803847487 0.31966834555020324 0.16035026766923594 
0.5294549643956077 0.667657403825945 0.8136988935420623 0.9533365365494776 0.14291378724591014 0.9139744685181568 0.67460081394826 0.5968830843244766 0.5496680567117193 0.555826492199584 1.0 0.300922854037752 0.4601223803847487 0.31966834555020324 0.16035026766923594 
0.5048982865813134 0.6568359810827243 0.8076918648420025 0.9504475811376979 0.14372301128339243 0.8886153868235019 0.6265292172785137 0.5471231086580367 0.5015347774461011 0.5239678562040427 1.0 0.3025510419547588 0.4706222684025987 0.3300703855434181 0.17013659045831575 
0.5048982865813134 0.6568359810827243 0.8076918648420025 0.9504475811376979 0.14372301128339243 0.8886153868235019 0.6265292172785137 0.5471231086580367 0.5015347774461011 0.5239678562040427 1.0 0.3025510419547588 0.4706222684025987 0.3300703855434181 0.17013659045831575 
0.6082722097555059 0.7428955196218877 0.881520396555036 1.0 0.12932151067576836 0.900073779563185 0.6080295640933987 0.5579986724407566 0.5233363775741892 0.5197524856462592 0.9920490602405961 0.2786023722969414 0.4196360824711765 0.2925539288385958 0.14339019374961248 
0.6082722097555059 0.7428955196218877 0.881520396555036 1.0 0.12932151067576836 0.900073779563185 0.6080295640933987 0.5579986724407566 0.5233363775741892 0.5197524856462592 0.9920490602405961 0.2786023722969414 0.4196360824711765 0.2925539288385958 0.14339019374961248 
0.6082722097555059 0.7428955196218877 0.881520396555036 1.0 0.12932151067576836 0.900073779563185 0.6080295640933987 0.5579986724407566 0.5233363775741892 0.5197524856462592 0.9920490602405961 0.2786023722969414 0.4196360824711765 0.2925539288385958 0.14339019374961248 
0.5839166084848829 0.7247430753394787 0.8778089903218125 1.0 0.13013088159930006 0.9317149197163815 0.6413030159981956 0.5687094005323912 0.5232748774267776 0.5161292319142977 0.9831719355546866 0.2948693108435027 0.45133546692422005 0.3242982276600631 0.15765914882856746 
0.5724538587848335 0.7180633965240542 0.8766619774161083 1.0 0.13556137167237647 0.9359110357035259 0.6535516863040869 0.5747686836702784 0.5244196160668883 0.5082702475769304 0.9931783471426755 0.30399926201648036 0.4651664860921318 0.3358730525912714 0.16328630584284157 
0.6285753491839995 0.7554638167863887 0.8845513885812051 1.0 0.13023661046042107 0.9370289449314837 0.630626352290198 0.5401869172421961 0.48833815771840905 0.460759033203401 0.9628567645602514 0.2731610670552744 0.4281316245687603 0.3015797353743599 0.15697023217296338 
0.6285753491839995 0.7554638167863887 0.8845513885812051 1.0 0.13023661046042107 0.9370289449314837 0.630626352290198 0.5401869172421961 0.48833815771840905 0.460759033203401 0.9628567645602514 0.2731610670552744 0.4281316245687603 0.3015797353743599 0.15697023217296338 
0.5967242596113769 0.7345291549140973 0.8781368213717888 1.0 0.14227659479292812 0.9548083096452312 0.6503685598550296 0.5564482412812503 0.4930394331441131 0.4483083672617128 0.9807895230822732 0.29970361999680195 0.4632418714421087 0.32877043448181864 0.1677563475062867 
0.5967242596113769 0.7345291549140973 0.8781368213717888 1.0 0.14227659479292812 0.9548083096452312 0.6503685598550296 0.5564482412812503 0.4930394331441131 0.4483083672617128 0.9807895230822732 0.29970361999680195 0.4632418714421087 0.32877043448181864 0.1677563475062867 
0.587656730152502 0.73619643231128 0.8745996776871555 0.9985712152250447 0.131234157130449 0.9520463322159601 0.6628234304155144 0.5820367417882287 0.53759021774417 0.5279594567944398 1.0 0.27990811510499836 0.44632144440084476 0.31810812296050084 0.1678350235786714 
0.587656730152502 0.73619643231128 0.8745996776871555 0.9985712152250447 0.131234157130449 0.9520463322159601 0.6628234304155144 0.5820367417882287 0.53759021774417 0.5279594567944398 1.0 0.27990811510499836 0.44632144440084476 0.31810812296050084 0.1678350235786714 
0.5712454049938422 0.6952869658581241 0.824721770571858 0.9354015980260955 0.1204203031803607 0.8906674433042371 0.6524980252561496 0.568608970240507 0.4998330192458384 0.48234920106177265 1.0 0.2753551417929411 0.4292092363798568 0.31179203339001443 0.15528285397800212 
0.6024691230963969 0.7171770881764721 0.8469746797156297 0.9756537928804871 0.1426724758319669 0.9626356063284301 0.7016562101165723 0.6084909730692446 0.5211052516947001 0.5113527398688708 1.0 0.28741070998122015 0.43001548150984814 0.30167510957020666 0.14284161931262337 
0.5850666703055022 0.7314589704756669 0.8717211875728077 1.0 0.14357030612799784 0.9515420625340275 0.6791576845868921 0.6003008937921939 0.5590286165742505 0.5303467119879145 0.9909148019395222 0.2930278759193692 0.4576579838050302 0.31712345768757577 0.16628754885003058 
0.5782149631710245 0.7108915010723921 0.8420573502758611 0.9666012823130341 0.13572370978450884 0.9233287058504827 0.6471087217921462 0.5584572376584361 0.5006643558077857 0.4769755559712186 1.0 0.2830443487687351 0.44078338967749 0.30693289740614166 0.15878899149057843 
