0.5598516924970184 0.6248153031518999 0.06588372907370198 0.1297504509648694 0.12322449823422844 0.40937851609652276 0.9501589893813004 1.0 0.4442106728760666 0.3413052816851831 0.21448498585137377 0.7234726096557864 0.6778156849874383 0.5573503951857779 0.30949731474450004 
0.503642345155747 0.6028724714984809 0.19214587921092224 0.23885561505712932 0.05044265011010972 0.4889620381376627 0.9560607231053908 1.0 0.3355823519608704 0.30549098582740836 0.3246394877183333 0.7503471853652032 0.7275290976097911 0.6875556739302191 0.3632834918454367 
0.5748123345724376 0.5725063209750371 0.10635400420665903 0.13460779469698342 0.08226783896239775 0.45487174161462884 0.9618582038304457 1.0 0.36105740814902065 0.3257348978099282 0.1942208289960197 0.6883215364187817 0.6893108809259334 0.6454890302639392 0.3437285608359078 
0.6099155452912638 0.5845383585245048 0.17954641907760627 0.22200922047331997 0.07096539290533055 0.43365610797843895 0.9878575512919692 1.0 0.3086752045568772 0.2610918426315834 0.1369296872699675 0.8039833425053127 0.805257355768739 0.7396565981982042 0.26462885058523583 
0.45277721412287053 0.5392031717921991 0.10273328082278052 0.1873383334799583 0.0916873328892736 0.49644814899884665 0.9338365152443178 1.0 0.41454455026362125 0.3476039499674135 0.2773383420877375 0.67401313569108 0.6375152747251835 0.5530568515921261 0.34355643872613334 
0.5515090906058339 0.5697904692651659 0.135879713751208 0.21505237142183353 0.09296447793354111 0.4545087667185099 0.9826358801002447 1.0 0.35306378515915166 0.2910800643781083 0.27764213684588473 0.7527129536078669 0.7655558411652161 0.6834340645597659 0.2998728965488589 
0.5945793632471895 0.5451119712754677 0.2439490896523067 0.29505862621594175 0.10269005046488837 0.4682048509428199 1.0 0.9972030970322451 0.32046894710482593 0.2384130572189274 0.21197430137698953 0.8392728197130853 0.8576905756264038 0.7751347045420968 0.3053159000938289 
0.5495894559653896 0.5088425870089452 0.250019252737126 0.30026258809638673 0.09546367444517156 0.5109571096889394 0.9820225196976938 1.0 0.3279284907341381 0.2562561164283929 0.21945242641414164 0.8068925750454008 0.8087357411409608 0.728564043539647 0.26685613915357725 
0.5287339140422535 0.5193519065590926 0.23830030757809803 0.2861587157464933 0.0893415942845126 0.489859668262826 0.9744167008573131 1.0 0.33345752683110536 0.26354721254525004 0.24025959258199753 0.7989300196659956 0.7890740652584701 0.7144299512974398 0.34235128812583077 
0.5295739050536412 0.5119613354348688 0.19504017995729023 0.24033689193382884 0.0927711530168465 0.4968734469345992 0.9802560684943509 1.0 0.3384739793781922 0.2793276760783928 0.2235875522321579 0.7520106081395855 0.755956827900767 0.683059255224598 0.23332847383778443 
0.4935608208139061 0.5025129634659733 0.1451348511554134 0.20065632397515012 0.07894806680413287 0.5041625146943217 0.9613324351930788 1.0 0.36949980545397115 0.3198717925194382 0.20882249239376033 0.7014950222622606 0.6886663031113208 0.6183539752643576 0.2134018868796847 
0.5184126315077194 0.4436965465698984 0.16857726336732415 0.19278135130127955 0.09383631335049819 0.5782676695603894 1.0 0.9980102122621218 0.40977829316705217 0.41715008620682037 0.20607151922791175 0.6182383750149592 0.6908759212290064 0.6399588805001788 0.25746789965147854 
0.6233638377599428 0.609778563830524 0.15025751091918454 0.1845864701121228 0.08822417556792002 0.39906462799850806 0.9940285627209887 1.0 0.3067538722564556 0.2984927773738083 0.16308874315638677 0.7644315993619657 0.8005957833060469 0.754044079763779 0.270261423650143 
0.4412351139217016 0.4180395068177569 0.29959347401966685 0.3369474738364032 0.08235527771539385 0.58356561586808 0.9801973583874529 1.0 0.3070892872801773 0.27366431512398165 0.28171222822818376 0.752212059311391 0.7651421727798636 0.7105711696530056 0.22711793869948255 
0.5723225637931824 0.4858400475774157 0.18923595413282893 0.2619063013754611 0.0906572945815742 0.5379541409968981 0.9927598089183592 1.0 0.366500057594851 0.3051856009594619 0.19148954852566497 0.7462490970061215 0.7892026900605325 0.6991509997068357 0.31408202702502935 
0.5843886394609507 0.4378119923288912 0.3066740327621544 0.33860651032839834 0.08077775300758691 0.626524535178465 1.0 0.9973472148197429 0.34335457078865284 0.3040229697708066 0.28078498887743975 0.7492002964740897 0.8098701821989215 0.7447340850136717 0.30313412995044525 
0.5854966034775054 0.5296995522461317 0.2406459536675178 0.2789535101629823 0.08887024540651893 0.5885878557230664 0.9943459047127854 1.0 0.35412994957058064 0.31561722785364776 0.24848602269836953 0.7475373677829253 0.7743255097038977 0.7088558810132158 0.1707983838539998 
0.48527667644827255 0.5144036709408327 0.19110890147873014 0.293460214014703 0.11174959606665304 0.4873413268344183 0.9563103873530693 1.0 0.3959274755184248 0.3253052978273558 0.23561842884463002 0.7711512877925993 0.7506708152063574 0.6396839051226746 0.20299807029096772 
0.5624525123941645 0.474064428914229 0.2235742633220987 0.3026122568468288 0.09851961553105174 0.5586706530082385 0.9815608887260092 1.0 0.35512974877193476 0.2772722672992082 0.21329817954532093 0.7686249976943784 0.7925091998043527 0.6970266246534239 0.3103432349406336 
0.5107493032771135 0.4315829923091508 0.12223698555856786 0.2351598154287956 0.12812708927563157 0.6042621288258119 1.0 0.989908308583776 0.48337201820189085 0.41220430278090203 0.25566109484989563 0.661552571080007 0.7311564091605083 0.6032743755883379 0.20961035859152777 
0.5280479920237374 0.43901864376604477 0.17704683655370174 0.2459679405342645 0.08383526719101989 0.5850884266458752 1.0 0.9886446101876257 0.41128783397910923 0.36738316484731315 0.23431512346432443 0.6801247583921831 0.7499755956028634 0.6679110132241806 0.2312398662551027 
0.5164355534883945 0.4317673498670437 0.2078920592708286 0.27875322729437657 0.09087361649661545 0.6037933421870091 1.0 0.9936072404134815 0.40162446220254905 0.3631663619417683 0.2541887422426938 0.7035652136063217 0.7689207602983769 0.6816435477405971 0.23857376539097117 
0.5325998430701404 0.4634266271796817 0.15069596611116998 0.2451559775080639 0.10437652319672391 0.5834779174651916 1.0 0.9964943582236775 0.4358410337882251 0.3704016817961856 0.23927968502019423 0.7020869555770841 0.7552389739915948 0.6509604378633757 0.20549794241398087 
0.6352566366910978 0.618689190623609 0.13949127181426216 0.2192386161077549 0.0833522516593809 0.46577048936179993 0.9775543817348132 1.0 0.349954912310513 0.3131107237241366 0.16853312661625647 0.8345297620292826 0.8370696971927757 0.7546513652906531 0.2837035320965493 
0.5815502888855385 0.5794644291074103 0.10398938301845603 0.1454236440671751 0.08149681102156629 0.4407545963506123 0.9545490355738245 1.0 0.3519134724915171 0.3250296475822072 0.16409320920515252 0.7175583209000959 0.7247235254675967 0.6638192681117683 0.2900630536161594 
0.648261942450889 0.6404759555096287 0.09046074626438906 0.14798533385291168 0.0717195381874272 0.3954687329651288 0.9774665305342488 1.0 0.31961374642991414 0.2968580394186121 0.170897747034737 0.7697394249158925 0.7952734214752918 0.7344955292008092 0.3184533984355612 
0.6520460910580075 0.6412646004934681 0.10854921968462579 0.15712122563483022 0.07238179488269081 0.4203123286587469 0.9787775351768663 1.0 0.31701969679486763 0.3043895442667952 0.18730666089675577 0.760179823494273 0.7952005706024383 0.7445046085566611 0.35263685869137107 
0.6527612454658749 0.6541552430293042 0.08340329883591892 0.12988360321641407 0.07231122189549422 0.38940784731250944 0.9780024644841583 1.0 0.32334903123624725 0.3058636704172421 0.1941410844635489 0.7566105218940368 0.7798782616037195 0.731715482695447 0.34301948689530853 
0.6669060985535633 0.6555243390162783 0.08975398608731126 0.13931705906063874 0.08033706726937336 0.40282719718148297 0.9911869625187616 1.0 0.31917858724602266 0.30852127497800347 0.19612537391501816 0.7584110109344219 0.7969828155794922 0.7464367073262144 0.3369839820732276 
0.6676159928862995 0.6728239208897172 0.09077702328291981 0.14226119543431154 0.0643551267626323 0.3766428936645706 0.9838910006788641 1.0 0.3009669457422918 0.27879990702281165 0.21128044432936485 0.7916589418925188 0.8085882465094032 0.755351797726629 0.35366658926123795 
0.6795536328954906 0.6926629247610575 0.10640960283585942 0.15121748731094398 0.07762533066808555 0.37352100964081475 0.9776223073807202 1.0 0.28892352308103175 0.2787758522701413 0.21905436396787942 0.8167803752741142 0.8286519281404343 0.7777446688754885 0.3635187101738349 
0.6799632067182919 0.6704498495414758 0.09993433703152027 0.16095003488173623 0.07578669676039103 0.394007532267939 0.9874493729128682 1.0 0.31243904131627764 0.29215967692206396 0.1967954067249208 0.8160897243009052 0.8398733739803164 0.7708711374656886 0.3651654918788395 
