0.5713168728247034 0.5430692628018495 0.47829985169940703 0.3786911537531943 0.24495318313205622 0.47858716204320195 0.9598453716952875 1.0 0.9551976172803242 0.8350709857998826 0.09138272502542973 0.41364904964561944 0.588005708376138 0.39346704653873427 0.23667629928153514 
0.5988767077404266 0.5689898584112327 0.5128955968605323 0.4104008563827334 0.29823570743895783 0.4515066802633037 0.9594673031007408 1.0 0.9629409649851963 0.8302018700260463 0.08861486234950401 0.4673207383359129 0.6580081389602891 0.4195642155367945 0.25919079397367184 
0.6333374782256808 0.6304074703806762 0.569762258245488 0.4429982827456231 0.26978611489616205 0.3929875242679988 0.9556902394403956 1.0 0.9586925662715804 0.8266707045974017 0.08637609993015713 0.42033739141000764 0.5701016477839639 0.3524721925128155 0.21481764159028519 
0.5798936747585874 0.6260629910608523 0.6035216736754584 0.5514936126624282 0.26949889959475565 0.3797320644059643 0.9522431193111455 1.0 0.9621796402715881 0.8465994989248844 0.23111941269216948 0.4272489077734186 0.584201381770622 0.36266199672841115 0.21782502628519368 
0.6165032303689418 0.6308402936660652 0.594807439675381 0.4891567775489737 0.271814300184887 0.3797906860845595 0.9531633299656805 1.0 0.9743213803946603 0.8474304151629565 0.129592435773172 0.42325840812728094 0.5672345897558044 0.3505975427408152 0.20229956480352934 
0.6000979712995891 0.6071372016428376 0.5515006474305307 0.424573323363475 0.27108019786873383 0.41888011555373394 0.9452119794509646 1.0 0.9663287312226999 0.8315012407208626 0.07928553815200821 0.424573323363475 0.5589177450398572 0.34715203705227643 0.20400232706639074 
0.6336778410971351 0.6185825072724929 0.552167683490079 0.4041725714282362 0.21246877310266246 0.42047189634420756 0.9627027659746771 1.0 0.9635645685338101 0.8234084645004238 0.05524827854619238 0.37003830825598577 0.5048230485804563 0.3572262330194206 0.19540068762527343 
0.6440558239266329 0.6347043650980734 0.5892486544421948 0.4853608515244882 0.30539028039944494 0.3844061285842088 0.9704595623097448 1.0 0.9714349500085997 0.8472184470674747 0.1064722028004753 0.46410157230344007 0.6238777275972324 0.36602218336207815 0.21234615261595943 
0.64496885813185 0.6512393619734465 0.5995573188583275 0.48880726120570617 0.26144876979083725 0.37440461179013396 0.956235507165422 1.0 0.9671661997146591 0.8454862062461973 0.12981448948311425 0.4306403339953356 0.5801979314544715 0.3709149392652493 0.2075518169168843 
0.5371932652879559 0.5928153025883593 0.5890531272810798 0.5718171069098358 0.2860405214072279 0.4186595768009932 0.9508131633635521 1.0 0.9700742650466352 0.8619193575189587 0.25852113608166577 0.45998704011185776 0.5898679749901471 0.34948342119424003 0.18283958090526034 
0.6066743262360224 0.6300001361638656 0.602924044819071 0.5301407102841403 0.2849364003023811 0.37832150712790874 0.9589103948577524 1.0 0.9745518836808369 0.8599813283319186 0.18095034759273385 0.4489722545727494 0.5873619316839269 0.34947400063192535 0.1889684974378853 
0.5548967286940136 0.5602762399215017 0.5027041644038845 0.461523688694673 0.2815139682357568 0.46699968521396307 0.9847395260455317 1.0 0.9316563417347891 0.8119590809604215 0.2276698529823805 0.48091134335198316 0.6166861302678586 0.36903462835796 0.18464117625520904 
0.5548967286940136 0.5602762399215017 0.5027041644038845 0.461523688694673 0.2815139682357568 0.46699968521396307 0.9847395260455317 1.0 0.9316563417347891 0.8119590809604215 0.2276698529823805 0.48091134335198316 0.6166861302678586 0.36903462835796 0.18464117625520904 
0.5470683311552709 0.5590023201696712 0.5066957082344795 0.46837192256451166 0.2850311113998245 0.4668080720465301 0.9815487542784297 1.0 0.9350910758094632 0.8138053953555058 0.23819485886583516 0.47406190610126525 0.6065541205459211 0.35546402147983686 0.18217322844324707 
0.5470683311552709 0.5590023201696712 0.5066957082344795 0.46837192256451166 0.2850311113998245 0.4668080720465301 0.9815487542784297 1.0 0.9350910758094632 0.8138053953555058 0.23819485886583516 0.47406190610126525 0.6065541205459211 0.35546402147983686 0.18217322844324707 
0.512907088003406 0.5713595750237122 0.5700603294998127 0.5890164415401499 0.26570261005553103 0.5036938174671246 0.9835320587791071 1.0 0.9339529892213816 0.8251103295227299 0.38673868744076967 0.455522535686506 0.5940634083371867 0.36049450894182683 0.18563372905057923 
0.512907088003406 0.5713595750237122 0.5700603294998127 0.5890164415401499 0.26570261005553103 0.5036938174671246 0.9835320587791071 1.0 0.9339529892213816 0.8251103295227299 0.38673868744076967 0.455522535686506 0.5940634083371867 0.36049450894182683 0.18563372905057923 
0.5612051500724252 0.5822607180499454 0.5366700399784992 0.4960368736554361 0.272770011575367 0.44380131259618966 0.9824997723202847 1.0 0.9342486784526141 0.8126406038396642 0.254912937545678 0.4618841739719308 0.5863343380370025 0.34684759749326094 0.1730704347567947 
0.5612051500724252 0.5822607180499454 0.5366700399784992 0.4960368736554361 0.272770011575367 0.44380131259618966 0.9824997723202847 1.0 0.9342486784526141 0.8126406038396642 0.254912937545678 0.4618841739719308 0.5863343380370025 0.34684759749326094 0.1730704347567947 
0.5288222187275411 0.5760718110761528 0.536781087790185 0.4656081055780263 0.23172545880015166 0.4509687862196738 0.9633260440216019 1.0 0.9418638000355606 0.8077136372560271 0.26678069988405173 0.3752712978468475 0.45573993454426276 0.26369376288904134 0.1407023113280356 
0.5656153673558176 0.5666698046301311 0.5170958338715423 0.46330577157192193 0.299790778709652 0.44766210648329374 0.9812679323547799 1.0 0.949641420974583 0.827943244894079 0.2039840943439297 0.4756692555384811 0.6092481059348277 0.34457495646797187 0.1782657910888105 
0.5567884199012708 0.577443000751835 0.5178091620236064 0.40911499644273364 0.2190118577651532 0.44365742219495213 0.96996867117008 1.0 0.9420121772696214 0.8088437679752735 0.1810200262092444 0.3671237055182655 0.4364977912333508 0.25527596482583914 0.11868403124879161 
0.5878064552656291 0.5739923411942929 0.5199514613776638 0.37162761210492173 0.2031947999289274 0.4556807870751038 0.9926816908707305 1.0 0.9525597485812093 0.7971017010862484 0.14803331743591577 0.3370478552208771 0.44683290088612343 0.30636653364698035 0.15828972030549532 
0.5341114446077063 0.5900204390330286 0.5921203323744959 0.5621086634329229 0.23429514977338792 0.4812712362284645 0.9763638249949735 1.0 0.951311172968037 0.8180957627380018 0.3946396831904517 0.3790716892055152 0.4628969915906727 0.2656657284381496 0.1268029356331722 
0.48794051168802977 0.5711670855388213 0.6023202305056723 0.6175672052083773 0.23915068669504363 0.5599997609818355 0.9692002650003229 1.0 0.9563403563108884 0.8293337928901479 0.48691073809200486 0.3829121023762183 0.46771928382596684 0.2677043102464874 0.13243846081193192 
0.6277481135728782 0.6277866529174566 0.5755735658603296 0.5125620554079646 0.3099179918733145 0.3888895609367387 0.9625986610354682 1.0 0.9527333669791311 0.8283908139129305 0.16600202963862792 0.5732148205039772 0.7532379961008273 0.5067230010010857 0.24935500955401677 
0.6277481135728782 0.6277866529174566 0.5755735658603296 0.5125620554079646 0.3099179918733145 0.3888895609367387 0.9625986610354682 1.0 0.9527333669791311 0.8283908139129305 0.16600202963862792 0.5732148205039772 0.7532379961008273 0.5067230010010857 0.24935500955401677 
0.6283342507434022 0.6339708010199225 0.5711011159658664 0.5012268252973906 0.3023731113547979 0.38615369358824697 0.9585480235885628 1.0 0.9430206953668823 0.8163357182070483 0.16118420119117377 0.5666400363105106 0.7384819026448625 0.49904887751118604 0.24646382000832748 
0.6409814912385399 0.6446235108247175 0.5797221838519934 0.5012763623039287 0.29788517953311877 0.37776351107648937 0.9568973650776074 1.0 0.9451958312784627 0.8183874225018406 0.15665873366283556 0.5599544363794979 0.7401162052581217 0.5076657332538794 0.2581842886280414 
0.6356901228854246 0.6357439531125666 0.5585308808993575 0.46947280848479395 0.29331053932588 0.3844026303841492 0.9569712829842655 1.0 0.9384230791989284 0.806714459348422 0.13892633659679263 0.5478704029404096 0.709096264212584 0.4773280180563181 0.23637078353532828 
0.6314812165506875 0.6194971185485812 0.548772411549426 0.47138157469868985 0.301133200121209 0.4050113204950259 0.9681963496278756 1.0 0.9440787954827281 0.815383022324471 0.14057731001835047 0.5597715641624521 0.7327398502804752 0.49182268839053445 0.24117715322204952 
0.6157999639260097 0.6112466201730875 0.5438861914463256 0.47893769029980016 0.2920513086549652 0.4102210453692837 0.9618538066668756 1.0 0.9430174282091488 0.8217218619408343 0.15263335111928963 0.5543873445502042 0.7294610226506685 0.49586945249395414 0.2458325568543232 
0.6171409032842604 0.6107254993748629 0.5496976744873182 0.477792897203412 0.2955852551330186 0.4093398092561959 0.9641410881677118 1.0 0.9488949287191151 0.8220842283518554 0.1529708883207336 0.546762927428962 0.7224491401681803 0.4878432551021684 0.24385565821179767 
0.6265668865860553 0.6273869751054777 0.5627031514819545 0.4843417644718587 0.29110341424756986 0.3918142887940509 0.9585197441352811 1.0 0.9445474181744197 0.8163916183256397 0.14695379029828448 0.5459404966703844 0.7198045591675996 0.49189105416447043 0.24750851938095483 
0.623048707807287 0.6247552997549906 0.5626300873646242 0.4854193124366222 0.29062326899445956 0.39427520316158515 0.9599457841480491 1.0 0.9456063727389031 0.8157685323180425 0.15076649323892305 0.5510933504768931 0.7216926714374395 0.49571065352384336 0.24442875854241067 
0.5804389370578847 0.602922047590206 0.555699372665828 0.5012262653097701 0.27839613939934726 0.411128743871761 0.9540284161663167 1.0 0.9425013410879614 0.8186252697567828 0.20454708000550492 0.5195367807960416 0.6845106343683719 0.46426180799979017 0.236996737092427 
0.6612282695712138 0.6850916339875218 0.6142905763486816 0.4851190521176278 0.28891685251861277 0.3800354249462192 0.9517273564799101 1.0 0.945780544146482 0.795269100214628 0.19211314461302065 0.49542103564779494 0.6328994725759474 0.4129685431611977 0.2197501649948765 
0.6758234711407791 0.6736732160207575 0.5923254383558915 0.45523464016806536 0.2811288839728493 0.39397702465833806 0.9614550982117611 1.0 0.9432006781470996 0.7986614315869565 0.1597983323348166 0.4825760077438306 0.6398945386359628 0.42272424795237484 0.23300071258927482 
0.6738846930518022 0.6800596853779655 0.5972448904843289 0.4496223453236536 0.26319861498702835 0.38786441119905335 0.9555744350435295 1.0 0.9407873031972714 0.78762037065008 0.16225932480847846 0.46617976216223056 0.6152752548218858 0.424859729913651 0.23250433227616407 
0.6677159573990411 0.67417922442901 0.5996870091586317 0.45433252128361196 0.26658545095921765 0.3863652391924274 0.9569318605765196 1.0 0.9505126577458475 0.7981280072157911 0.14880096593397688 0.46570021469266876 0.608470387478422 0.41341220043313426 0.21968806005894503 
