0.525005215554966 0.19907270687694834 0.2928752628401474 0.33829280639960074 0.08127109226052787 0.5282147367938251 1.0 0.3825928159555507 0.26320061360710756 0.2536922120780721 0.3933406884765753 0.19557894332152573 0.7933809707602576 0.782443685103026 0.7096967233486347 
0.4865360900160678 0.21719149608341135 0.3165556768182509 0.35779833082706236 0.07669576886947088 0.5566976219591977 1.0 0.37941151058359884 0.2591531273518969 0.26036233196721653 0.3997153048269588 0.1892285073526139 0.7896312696586968 0.7731748797284888 0.6955915704106334 
0.4941821853682619 0.2214761920419097 0.3212285978239103 0.35644810527087023 0.10308268622672939 0.553483994742343 1.0 0.40104295509997906 0.257591364886974 0.2581941674461768 0.4125524638802491 0.22044154099433727 0.7892366266702335 0.7920471796246471 0.7075011105202738 
0.4232524045831183 0.2413342710660605 0.3320099124196574 0.3710858165548743 0.09127183863183322 0.6022863457827365 1.0 0.36433469750358904 0.28104280372594026 0.297825540398211 0.3880033732509027 0.1831311606688626 0.7348345793288577 0.7213770031244726 0.6548437646774359 
0.5384823663585505 0.19668527028314572 0.302655060316005 0.3608157179900984 0.07231384245104666 0.5866028919955085 1.0 0.4032054067435302 0.2977661562577639 0.2737166108094086 0.4489879411121937 0.1835458544734469 0.7411013142787559 0.7191488135551577 0.6715379657468056 
0.3777711419913026 0.2733780929778674 0.36637370903453514 0.3951348006396193 0.10781663258617896 0.6271838716520912 1.0 0.37961554562812416 0.2671945649555919 0.29114175285492466 0.37605038152250947 0.21018517745215692 0.7641109185903576 0.7432594727170828 0.6470732968734232 
0.5226141306691563 0.18242765691174634 0.2834310481613091 0.34860771591444895 0.09350733962612047 0.5281558500308353 1.0 0.3573414971833795 0.2809073515035172 0.3001138558157773 0.37681456872514774 0.20001081656016148 0.7407569825343371 0.7246779950226861 0.6724972933519535 
0.5786035069018366 0.10092603956584927 0.17500315280138556 0.2339511168703494 0.09359495871949909 0.4622074710550046 1.0 0.4008343871155973 0.2907650999317373 0.2730604313794197 0.26753333745435076 0.21488794776912942 0.7805527072917746 0.7407815467555745 0.6627391211787114 
0.6030489911278586 0.1098791042229556 0.16412914646260368 0.23271421873184306 0.10892222878124694 0.434244904437346 1.0 0.36308477443033593 0.2768173002403059 0.28477058190500454 0.2518685838209019 0.22617471200145853 0.7919530386741 0.7533858252508358 0.696641595210981 
0.6164265863435677 0.126929694510424 0.15022866487908845 0.20319668252183834 0.1068399761796942 0.4453354442978333 1.0 0.3810031422830882 0.29811444058549785 0.2974573175808618 0.21145525753904548 0.2201451718297032 0.8013303464737664 0.749034557880753 0.6812193099307708 
0.6034244667158466 0.13792406539693308 0.16599451667619466 0.2095911462166554 0.10293257618012915 0.45321160266915683 1.0 0.37965095406336685 0.2910191101337167 0.289121654791456 0.2103284243644478 0.21866782450799707 0.7974417299674619 0.7512402312875152 0.6754325653437191 
0.6034244667158466 0.13792406539693308 0.16599451667619466 0.2095911462166554 0.10293257618012915 0.45321160266915683 1.0 0.37965095406336685 0.2910191101337167 0.289121654791456 0.2103284243644478 0.21866782450799707 0.7974417299674619 0.7512402312875152 0.6754325653437191 
0.5855590439578644 0.13330619096691634 0.1659542042382494 0.2116972973141436 0.10236330894218662 0.45967326986358537 1.0 0.3789666254576161 0.3016820697750533 0.30215106666881136 0.22451918410368665 0.207645299725447 0.7850509550003564 0.7426942484742277 0.6731369730928362 
0.5855590439578644 0.13330619096691634 0.1659542042382494 0.2116972973141436 0.10236330894218662 0.45967326986358537 1.0 0.3789666254576161 0.3016820697750533 0.30215106666881136 0.22451918410368665 0.207645299725447 0.7850509550003564 0.7426942484742277 0.6731369730928362 
0.5847292603820125 0.12657670833830598 0.17710548977234755 0.22831298552949206 0.10076991217754826 0.4627620426443566 1.0 0.3928734440556093 0.2983021394234294 0.2890819830851635 0.2491098900786321 0.21367727736809022 0.7969865014828214 0.7551146947743066 0.6780682851642555 
0.5847292603820125 0.12657670833830598 0.17710548977234755 0.22831298552949206 0.10076991217754826 0.4627620426443566 1.0 0.3928734440556093 0.2983021394234294 0.2890819830851635 0.2491098900786321 0.21367727736809022 0.7969865014828214 0.7551146947743066 0.6780682851642555 
0.6901819030012571 0.15889806448915716 0.27182113088227744 0.3595404666629055 0.11780526480189837 0.4912551312480292 1.0 0.44527591916141285 0.31306747006483643 0.31244541243940754 0.47655813118598783 0.247599805412472 0.9527533087173937 0.9140541713170134 0.837460596539678 
0.6901819030012571 0.15889806448915716 0.27182113088227744 0.3595404666629055 0.11780526480189837 0.4912551312480292 1.0 0.44527591916141285 0.31306747006483643 0.31244541243940754 0.47655813118598783 0.247599805412472 0.9527533087173937 0.9140541713170134 0.837460596539678 
0.7651901765366496 0.1254050968880376 0.2635408357476298 0.33631418466022417 0.08195069690144581 0.48770419715906954 1.0 0.4489247906405568 0.3171290792743922 0.3150042373951456 0.4529583379036389 0.22912023564476316 0.9803589388491437 0.9424033216173837 0.8487932412669273 
0.5399290826997478 0.12222012655900659 0.2302889433545121 0.2931072757941935 0.08292232172597916 0.4943466206095091 1.0 0.4041867433908473 0.28351255997870484 0.2775965950637542 0.27451885303527696 0.19618974721848598 0.7980167077676439 0.7517614170837499 0.6589855867593838 
0.4262677121488699 0.208992776708836 0.3974126558142463 0.4022551463817769 0.10602305105948155 0.5850559863573167 1.0 0.4190531587927428 0.23212958027719022 0.23101250836974463 0.3305888954489431 0.23091068840959258 0.8271572236678993 0.8208500346207184 0.6278279285085342 
0.4262677121488699 0.208992776708836 0.3974126558142463 0.4022551463817769 0.10602305105948155 0.5850559863573167 1.0 0.4190531587927428 0.23212958027719022 0.23101250836974463 0.3305888954489431 0.23091068840959258 0.8271572236678993 0.8208500346207184 0.6278279285085342 
0.1290402975590842 0.2519525518353683 0.5797874378450553 0.6223721497153321 0.15572286059487214 1.0 0.941289985198135 0.7899855490106338 0.44440926614984616 0.47033001705692234 0.6787802125321197 0.3997897814795144 0.5330586582302071 0.5050267338864041 0.16233065674381097 
0.1290402975590842 0.2519525518353683 0.5797874378450553 0.6223721497153321 0.15572286059487214 1.0 0.941289985198135 0.7899855490106338 0.44440926614984616 0.47033001705692234 0.6787802125321197 0.3997897814795144 0.5330586582302071 0.5050267338864041 0.16233065674381097 
0.1290402975590842 0.2519525518353683 0.5797874378450553 0.6223721497153321 0.15572286059487214 1.0 0.941289985198135 0.7899855490106338 0.44440926614984616 0.47033001705692234 0.6787802125321197 0.3997897814795144 0.5330586582302071 0.5050267338864041 0.16233065674381097 
0.4781686386220795 0.19090639783725996 0.3201470823321664 0.3661825535694052 0.10698586085727006 0.5592541644043144 1.0 0.4129412567307232 0.26588827244644453 0.26548082223140423 0.38220952365612487 0.22594738625661598 0.7941011848507815 0.7812834675721715 0.6638461161632103 
0.5581672359911268 0.14902103151269963 0.26493551797898107 0.32600251366453165 0.10474467909397732 0.5121809833823507 1.0 0.4040567691757994 0.27183090330628185 0.2771934078382301 0.33691515942311934 0.2175928861499316 0.8128729011312765 0.7910176978232304 0.7021439686153755 
0.5491774256857258 0.14390381351187342 0.27221404647077435 0.33184540124508505 0.11430431045915214 0.5180090522236408 1.0 0.39956447130863754 0.26137050372805776 0.2648734977407719 0.3567218303122465 0.22645007431690387 0.806086403538807 0.7898904409408212 0.6888504354071835 
0.5471238443830594 0.17663266831662913 0.2824632243050723 0.34457419791961497 0.10051842048623857 0.5179426446966803 1.0 0.3744116309493969 0.2573426767190812 0.2677580350948892 0.38051599880419973 0.21187671736707153 0.8103890737811029 0.7868851509253885 0.7149615138116697 
0.4325436460192942 0.11359152642986411 0.2508917818478391 0.3548562617656013 0.10674143958883453 0.5962872755369046 1.0 0.5289589551580001 0.38813509376043226 0.3403183445904112 0.412529960152662 0.25370692501365544 0.7191775701342304 0.6380180836508296 0.503491016367851 
0.45190260455766235 0.04999583385409434 0.19117914106467224 0.30810488961922783 0.12713761312539046 0.5596904025123575 1.0 0.5676233792018822 0.37903891536518725 0.30085327375492565 0.3189344100565581 0.3191737931553634 0.7567027231852006 0.6430076733340357 0.45478196974423213 
0.5176008813410342 0.0570128626025468 0.22776092206772447 0.3115389574368553 0.09546384116934534 0.518123939595574 1.0 0.47772258136336526 0.31438552637582823 0.2916399723504679 0.354214634060316 0.25699156370879633 0.7882236833357698 0.7230375940620342 0.5630103709368589 
0.5108718178069801 0.10891298224562465 0.3080728712655447 0.4092572157595128 0.10833334544140641 0.5753183010691666 1.0 0.4826455705321553 0.2989662721005945 0.26398167246597315 0.456623372965641 0.3019628198692358 0.7921755424689695 0.7225428535635742 0.5585374079817695 
0.5884100909227961 0.09988648475820852 0.24510388944068942 0.3087391923320074 0.08869800882018924 0.4915685398022581 1.0 0.42456985113887624 0.3004898066225324 0.3224466448133782 0.33369363651698974 0.21562381053416846 0.8161458884051253 0.787934654918253 0.6705808920210993 
